
SUMMARISING RUN PARAMETERS
==========================
Input filename: /storage/brno12-cerit/home/duchmil/annotations/Cardamine_glauca_2025_06/rnaseq/1_raw_reads/XC174YL_Macrogen_2.fastq.gz
Trimming mode: paired-end
Trim Galore version: 0.6.2
Cutadapt version: 2.3
Python version: 3.4.1
Number of cores used for trimming: 4
Quality Phred score cutoff: 20
Quality encoding type selected: ASCII+33
Adapter sequence: 'AGATCGGAAGAGC' (Illumina TruSeq, Sanger iPCR; auto-detected)
Maximum trimming error rate: 0.1 (default)
Minimum required adapter overlap (stringency): 1 bp
Minimum required sequence length for both reads before a sequence pair gets removed: 20 bp
Output file will be GZIP compressed


This is cutadapt 2.3 with Python 3.4.1
Command line parameters: -j 4 -e 0.1 -q 20 -O 1 -a AGATCGGAAGAGC /storage/brno12-cerit/home/duchmil/annotations/Cardamine_glauca_2025_06/rnaseq/1_raw_reads/XC174YL_Macrogen_2.fastq.gz
Processing reads on 4 cores in single-end mode ...
Finished in 126.18 s (7 us/read; 8.96 M reads/minute).

=== Summary ===

Total reads processed:              18,848,730
Reads with adapters:                 9,272,484 (49.2%)
Reads written (passing filters):    18,848,730 (100.0%)

Total basepairs processed: 2,846,158,230 bp
Quality-trimmed:              14,639,432 bp (0.5%)
Total written (filtered):  2,741,245,279 bp (96.3%)

=== Adapter 1 ===

Sequence: AGATCGGAAGAGC; Type: regular 3'; Length: 13; Trimmed: 9272484 times.

No. of allowed errors:
0-9 bp: 0; 10-13 bp: 1

Bases preceding removed adapters:
  A: 25.7%
  C: 26.9%
  G: 34.4%
  T: 13.0%
  none/other: 0.0%

Overview of removed sequences
length	count	expect	max.err	error counts
1	3752342	4712182.5	0	3752342
2	1213929	1178045.6	0	1213929
3	537129	294511.4	0	537129
4	209129	73627.9	0	209129
5	144695	18407.0	0	144695
6	122094	4601.7	0	122094
7	119440	1150.4	0	119440
8	117493	287.6	0	117493
9	121199	71.9	0	120166 1033
10	114186	18.0	1	110929 3257
11	113015	4.5	1	110133 2882
12	119252	1.1	1	116596 2656
13	96973	0.3	1	94981 1992
14	105401	0.3	1	102831 2570
15	103862	0.3	1	101339 2523
16	100472	0.3	1	98001 2471
17	99826	0.3	1	97222 2604
18	96709	0.3	1	94025 2684
19	216981	0.3	1	213054 3927
20	47952	0.3	1	46511 1441
21	21825	0.3	1	20706 1119
22	78391	0.3	1	76796 1595
23	83683	0.3	1	81622 2061
24	143675	0.3	1	141061 2614
25	32319	0.3	1	30995 1324
26	74946	0.3	1	73206 1740
27	160635	0.3	1	158327 2308
28	33955	0.3	1	32718 1237
29	94032	0.3	1	92551 1481
30	67774	0.3	1	66566 1208
31	26668	0.3	1	25861 807
32	58461	0.3	1	56995 1466
33	157888	0.3	1	156023 1865
34	61318	0.3	1	60259 1059
35	25390	0.3	1	24657 733
36	41314	0.3	1	40427 887
37	59783	0.3	1	58620 1163
38	78344	0.3	1	77209 1135
39	17206	0.3	1	16570 636
40	37788	0.3	1	37040 748
41	26263	0.3	1	25760 503
42	12282	0.3	1	11733 549
43	51622	0.3	1	50958 664
44	8614	0.3	1	8070 544
45	66830	0.3	1	66058 772
46	3768	0.3	1	3488 280
47	12551	0.3	1	12159 392
48	25650	0.3	1	25229 421
49	5224	0.3	1	4955 269
50	14095	0.3	1	13791 304
51	8878	0.3	1	8590 288
52	13954	0.3	1	13726 228
53	1841	0.3	1	1662 179
54	7742	0.3	1	7490 252
55	12657	0.3	1	12429 228
56	2489	0.3	1	2298 191
57	10850	0.3	1	10574 276
58	8230	0.3	1	8076 154
59	3639	0.3	1	3478 161
60	1289	0.3	1	1173 116
61	3115	0.3	1	2989 126
62	10991	0.3	1	10829 162
63	913	0.3	1	800 113
64	4535	0.3	1	4431 104
65	1098	0.3	1	971 127
66	2163	0.3	1	2049 114
67	3946	0.3	1	3858 88
68	2324	0.3	1	2229 95
69	1388	0.3	1	1295 93
70	3360	0.3	1	3293 67
71	1553	0.3	1	1463 90
72	1929	0.3	1	1838 91
73	3273	0.3	1	3175 98
74	3914	0.3	1	3820 94
75	3011	0.3	1	2946 65
76	820	0.3	1	701 119
77	380	0.3	1	324 56
78	709	0.3	1	658 51
79	823	0.3	1	784 39
80	940	0.3	1	894 46
81	906	0.3	1	850 56
82	964	0.3	1	904 60
83	942	0.3	1	873 69
84	896	0.3	1	833 63
85	843	0.3	1	804 39
86	815	0.3	1	771 44
87	807	0.3	1	740 67
88	795	0.3	1	759 36
89	697	0.3	1	672 25
90	681	0.3	1	622 59
91	579	0.3	1	545 34
92	497	0.3	1	461 36
93	486	0.3	1	447 39
94	414	0.3	1	372 42
95	402	0.3	1	377 25
96	365	0.3	1	329 36
97	348	0.3	1	320 28
98	330	0.3	1	316 14
99	311	0.3	1	275 36
100	342	0.3	1	292 50
101	293	0.3	1	263 30
102	261	0.3	1	207 54
103	192	0.3	1	143 49
104	162	0.3	1	136 26
105	150	0.3	1	115 35
106	125	0.3	1	105 20
107	113	0.3	1	78 35
108	116	0.3	1	81 35
109	87	0.3	1	67 20
110	76	0.3	1	57 19
111	58	0.3	1	45 13
112	70	0.3	1	50 20
113	61	0.3	1	40 21
114	52	0.3	1	26 26
115	46	0.3	1	23 23
116	32	0.3	1	14 18
117	33	0.3	1	18 15
118	60	0.3	1	18 42
119	60	0.3	1	13 47
120	46	0.3	1	10 36
121	40	0.3	1	8 32
122	33	0.3	1	9 24
123	38	0.3	1	9 29
124	35	0.3	1	6 29
125	16	0.3	1	4 12
126	31	0.3	1	5 26
127	28	0.3	1	1 27
128	29	0.3	1	4 25
129	27	0.3	1	1 26
130	41	0.3	1	7 34
131	37	0.3	1	4 33
132	29	0.3	1	3 26
133	48	0.3	1	4 44
134	23	0.3	1	1 22
135	21	0.3	1	0 21
136	23	0.3	1	1 22
137	15	0.3	1	2 13
138	21	0.3	1	1 20
139	13	0.3	1	2 11
140	15	0.3	1	0 15
141	21	0.3	1	2 19
142	21	0.3	1	0 21
143	19	0.3	1	1 18
144	16	0.3	1	0 16
145	3	0.3	1	1 2
146	26	0.3	1	1 25
147	17	0.3	1	1 16
148	54	0.3	1	2 52
149	34	0.3	1	2 32
150	38	0.3	1	6 32
151	32	0.3	1	2 30

RUN STATISTICS FOR INPUT FILE: /storage/brno12-cerit/home/duchmil/annotations/Cardamine_glauca_2025_06/rnaseq/1_raw_reads/XC174YL_Macrogen_2.fastq.gz
=============================================
18848730 sequences processed in total

Total number of sequences analysed for the sequence pair length validation: 18848730

Number of sequence pairs removed because at least one read was shorter than the length cutoff (20 bp): 130235 (0.69%)
