
SUMMARISING RUN PARAMETERS
==========================
Input filename: /storage/brno12-cerit/home/duchmil/annotations/Cardamine_glauca_2025_06/rnaseq/1_raw_reads/XC174YL_Macrogen_1.fastq.gz
Trimming mode: paired-end
Trim Galore version: 0.6.2
Cutadapt version: 2.3
Python version: 3.4.1
Number of cores used for trimming: 4
Quality Phred score cutoff: 20
Quality encoding type selected: ASCII+33
Adapter sequence: 'AGATCGGAAGAGC' (Illumina TruSeq, Sanger iPCR; auto-detected)
Maximum trimming error rate: 0.1 (default)
Minimum required adapter overlap (stringency): 1 bp
Minimum required sequence length for both reads before a sequence pair gets removed: 20 bp
Output file will be GZIP compressed


This is cutadapt 2.3 with Python 3.4.1
Command line parameters: -j 4 -e 0.1 -q 20 -O 1 -a AGATCGGAAGAGC /storage/brno12-cerit/home/duchmil/annotations/Cardamine_glauca_2025_06/rnaseq/1_raw_reads/XC174YL_Macrogen_1.fastq.gz
Processing reads on 4 cores in single-end mode ...
Finished in 127.12 s (7 us/read; 8.90 M reads/minute).

=== Summary ===

Total reads processed:              18,848,730
Reads with adapters:                 9,199,768 (48.8%)
Reads written (passing filters):    18,848,730 (100.0%)

Total basepairs processed: 2,846,158,230 bp
Quality-trimmed:               4,987,007 bp (0.2%)
Total written (filtered):  2,727,624,015 bp (95.8%)

=== Adapter 1 ===

Sequence: AGATCGGAAGAGC; Type: regular 3'; Length: 13; Trimmed: 9199768 times.

No. of allowed errors:
0-9 bp: 0; 10-13 bp: 1

Bases preceding removed adapters:
  A: 25.8%
  C: 29.5%
  G: 26.4%
  T: 18.2%
  none/other: 0.0%

Overview of removed sequences
length	count	expect	max.err	error counts
1	3711700	4712182.5	0	3711700
2	1112736	1178045.6	0	1112736
3	482445	294511.4	0	482445
4	198978	73627.9	0	198978
5	142218	18407.0	0	142218
6	120569	4601.7	0	120569
7	117813	1150.4	0	117813
8	116051	287.6	0	116051
9	120158	71.9	0	118970 1188
10	113073	18.0	1	108666 4407
11	112736	4.5	1	108217 4519
12	109340	1.1	1	105271 4069
13	106895	0.3	1	102557 4338
14	104548	0.3	1	100229 4319
15	104551	0.3	1	100039 4512
16	100498	0.3	1	96526 3972
17	99881	0.3	1	95617 4264
18	94305	0.3	1	90763 3542
19	92888	0.3	1	89229 3659
20	91671	0.3	1	87988 3683
21	91261	0.3	1	87456 3805
22	85863	0.3	1	82680 3183
23	83155	0.3	1	79934 3221
24	83826	0.3	1	80264 3562
25	78061	0.3	1	75075 2986
26	70596	0.3	1	67945 2651
27	73254	0.3	1	70191 3063
28	70332	0.3	1	67172 3160
29	67646	0.3	1	65036 2610
30	63457	0.3	1	61104 2353
31	61179	0.3	1	58813 2366
32	61970	0.3	1	59357 2613
33	54999	0.3	1	52934 2065
34	57488	0.3	1	55056 2432
35	53727	0.3	1	51736 1991
36	43344	0.3	1	41714 1630
37	44966	0.3	1	43236 1730
38	43696	0.3	1	41867 1829
39	43908	0.3	1	42089 1819
40	39454	0.3	1	37949 1505
41	36444	0.3	1	35063 1381
42	36623	0.3	1	35024 1599
43	35724	0.3	1	34080 1644
44	45314	0.3	1	43793 1521
45	23796	0.3	1	22749 1047
46	22355	0.3	1	21462 893
47	22960	0.3	1	22054 906
48	24109	0.3	1	23202 907
49	22798	0.3	1	21794 1004
50	21430	0.3	1	20571 859
51	20801	0.3	1	19869 932
52	20330	0.3	1	19472 858
53	20132	0.3	1	19261 871
54	18269	0.3	1	17533 736
55	19173	0.3	1	18271 902
56	23781	0.3	1	22846 935
57	24400	0.3	1	23478 922
58	19203	0.3	1	18562 641
59	10707	0.3	1	10318 389
60	6487	0.3	1	6210 277
61	4044	0.3	1	3788 256
62	4486	0.3	1	4276 210
63	4174	0.3	1	3967 207
64	3214	0.3	1	3054 160
65	2048	0.3	1	1842 206
66	2063	0.3	1	1901 162
67	2633	0.3	1	2464 169
68	3414	0.3	1	3248 166
69	3656	0.3	1	3491 165
70	3467	0.3	1	3286 181
71	3137	0.3	1	2999 138
72	2965	0.3	1	2787 178
73	2829	0.3	1	2709 120
74	2826	0.3	1	2690 136
75	2867	0.3	1	2608 259
76	2663	0.3	1	2469 194
77	2279	0.3	1	2108 171
78	2181	0.3	1	2029 152
79	2013	0.3	1	1885 128
80	1769	0.3	1	1666 103
81	1530	0.3	1	1441 89
82	1368	0.3	1	1273 95
83	1482	0.3	1	1319 163
84	1246	0.3	1	1108 138
85	1175	0.3	1	1057 118
86	1097	0.3	1	988 109
87	1065	0.3	1	950 115
88	931	0.3	1	840 91
89	907	0.3	1	807 100
90	860	0.3	1	719 141
91	749	0.3	1	681 68
92	609	0.3	1	541 68
93	543	0.3	1	495 48
94	495	0.3	1	443 52
95	438	0.3	1	361 77
96	456	0.3	1	376 80
97	438	0.3	1	348 90
98	389	0.3	1	323 66
99	353	0.3	1	306 47
100	346	0.3	1	300 46
101	363	0.3	1	286 77
102	277	0.3	1	221 56
103	214	0.3	1	160 54
104	205	0.3	1	134 71
105	161	0.3	1	114 47
106	184	0.3	1	105 79
107	121	0.3	1	83 38
108	115	0.3	1	80 35
109	125	0.3	1	69 56
110	142	0.3	1	64 78
111	87	0.3	1	36 51
112	95	0.3	1	46 49
113	91	0.3	1	41 50
114	68	0.3	1	25 43
115	63	0.3	1	20 43
116	77	0.3	1	13 64
117	62	0.3	1	16 46
118	53	0.3	1	15 38
119	67	0.3	1	12 55
120	65	0.3	1	7 58
121	70	0.3	1	6 64
122	63	0.3	1	6 57
123	106	0.3	1	10 96
124	98	0.3	1	5 93
125	45	0.3	1	4 41
126	64	0.3	1	3 61
127	49	0.3	1	1 48
128	33	0.3	1	3 30
129	27	0.3	1	2 25
130	33	0.3	1	5 28
131	36	0.3	1	4 32
132	42	0.3	1	0 42
133	46	0.3	1	2 44
134	22	0.3	1	1 21
135	38	0.3	1	1 37
136	42	0.3	1	2 40
137	77	0.3	1	1 76
138	41	0.3	1	1 40
139	52	0.3	1	2 50
140	31	0.3	1	0 31
141	50	0.3	1	2 48
142	31	0.3	1	0 31
143	30	0.3	1	1 29
144	33	0.3	1	0 33
145	31	0.3	1	0 31
146	64	0.3	1	1 63
147	46	0.3	1	0 46
148	93	0.3	1	2 91
149	94	0.3	1	3 91
150	374	0.3	1	2 372
151	119995	0.3	1	2 119993

RUN STATISTICS FOR INPUT FILE: /storage/brno12-cerit/home/duchmil/annotations/Cardamine_glauca_2025_06/rnaseq/1_raw_reads/XC174YL_Macrogen_1.fastq.gz
=============================================
18848730 sequences processed in total

