
SUMMARISING RUN PARAMETERS
==========================
Input filename: /storage/brno12-cerit/home/duchmil/annotations/Cardamine_glauca_2025_06/rnaseq/1_raw_reads/XC618_F_MKRN250017680-1A_22VTVNLT4_L4_1.fq.gz
Trimming mode: paired-end
Trim Galore version: 0.6.2
Cutadapt version: 2.3
Python version: 3.4.1
Number of cores used for trimming: 4
Quality Phred score cutoff: 20
Quality encoding type selected: ASCII+33
Adapter sequence: 'AGATCGGAAGAGC' (Illumina TruSeq, Sanger iPCR; auto-detected)
Maximum trimming error rate: 0.1 (default)
Minimum required adapter overlap (stringency): 1 bp
Minimum required sequence length for both reads before a sequence pair gets removed: 20 bp
Output file will be GZIP compressed


This is cutadapt 2.3 with Python 3.4.1
Command line parameters: -j 4 -e 0.1 -q 20 -O 1 -a AGATCGGAAGAGC /storage/brno12-cerit/home/duchmil/annotations/Cardamine_glauca_2025_06/rnaseq/1_raw_reads/XC618_F_MKRN250017680-1A_22VTVNLT4_L4_1.fq.gz
Processing reads on 4 cores in single-end mode ...
Finished in 262.99 s (7 us/read; 9.05 M reads/minute).

=== Summary ===

Total reads processed:              39,651,686
Reads with adapters:                14,262,899 (36.0%)
Reads written (passing filters):    39,651,686 (100.0%)

Total basepairs processed: 5,947,752,900 bp
Quality-trimmed:               5,263,418 bp (0.1%)
Total written (filtered):  5,903,915,450 bp (99.3%)

=== Adapter 1 ===

Sequence: AGATCGGAAGAGC; Type: regular 3'; Length: 13; Trimmed: 14262899 times.

No. of allowed errors:
0-9 bp: 0; 10-13 bp: 1

Bases preceding removed adapters:
  A: 34.0%
  C: 26.1%
  G: 23.2%
  T: 16.8%
  none/other: 0.0%

Overview of removed sequences
length	count	expect	max.err	error counts
1	9715767	9912921.5	0	9715767
2	2649373	2478230.4	0	2649373
3	941909	619557.6	0	941909
4	246487	154889.4	0	246487
5	77055	38722.3	0	77055
6	29165	9680.6	0	29165
7	20790	2420.1	0	20790
8	18628	605.0	0	18628
9	19816	151.3	0	17967 1849
10	20062	37.8	1	17052 3010
11	18192	9.5	1	16666 1526
12	16396	2.4	1	15940 456
13	16116	0.6	1	15798 318
14	15578	0.6	1	15333 245
15	15326	0.6	1	15087 239
16	14958	0.6	1	14717 241
17	14528	0.6	1	14302 226
18	14044	0.6	1	13829 215
19	13667	0.6	1	13453 214
20	13182	0.6	1	12955 227
21	13072	0.6	1	12845 227
22	12676	0.6	1	12491 185
23	12220	0.6	1	12027 193
24	11958	0.6	1	11774 184
25	11860	0.6	1	11643 217
26	11519	0.6	1	11330 189
27	10920	0.6	1	10670 250
28	10910	0.6	1	10601 309
29	10272	0.6	1	10032 240
30	9910	0.6	1	9764 146
31	9581	0.6	1	9413 168
32	9451	0.6	1	9257 194
33	9003	0.6	1	8850 153
34	8922	0.6	1	8724 198
35	8664	0.6	1	8508 156
36	8360	0.6	1	8220 140
37	7859	0.6	1	7676 183
38	7904	0.6	1	7743 161
39	7503	0.6	1	7367 136
40	7108	0.6	1	6961 147
41	6684	0.6	1	6556 128
42	6819	0.6	1	6614 205
43	6597	0.6	1	6418 179
44	6286	0.6	1	6149 137
45	6058	0.6	1	5904 154
46	8122	0.6	1	7936 186
47	5246	0.6	1	5082 164
48	8825	0.6	1	8687 138
49	1720	0.6	1	1599 121
50	20640	0.6	1	20332 308
51	6800	0.6	1	6656 144
52	2784	0.6	1	2612 172
53	3365	0.6	1	3255 110
54	11070	0.6	1	10940 130
55	1213	0.6	1	1155 58
56	2840	0.6	1	2750 90
57	1813	0.6	1	1745 68
58	3045	0.6	1	2986 59
59	1195	0.6	1	1124 71
60	2315	0.6	1	2213 102
61	6912	0.6	1	6819 93
62	1028	0.6	1	947 81
63	4479	0.6	1	4362 117
64	355	0.6	1	200 155
65	429	0.6	1	313 116
66	1894	0.6	1	1800 94
67	3950	0.6	1	3807 143
68	349	0.6	1	166 183
69	176	0.6	1	93 83
70	930	0.6	1	843 87
71	1140	0.6	1	1050 90
72	1134	0.6	1	1100 34
73	440	0.6	1	374 66
74	277	0.6	1	151 126
75	711	0.6	1	587 124
76	1203	0.6	1	1109 94
77	1491	0.6	1	1389 102
78	1641	0.6	1	1555 86
79	1443	0.6	1	1370 73
80	1400	0.6	1	1274 126
81	1386	0.6	1	1312 74
82	1372	0.6	1	1295 77
83	1357	0.6	1	1236 121
84	1359	0.6	1	1266 93
85	1211	0.6	1	1147 64
86	1239	0.6	1	1139 100
87	1115	0.6	1	1051 64
88	1060	0.6	1	1007 53
89	1041	0.6	1	983 58
90	1024	0.6	1	949 75
91	1026	0.6	1	930 96
92	1007	0.6	1	924 83
93	937	0.6	1	862 75
94	829	0.6	1	753 76
95	745	0.6	1	680 65
96	809	0.6	1	733 76
97	723	0.6	1	672 51
98	666	0.6	1	605 61
99	628	0.6	1	570 58
100	569	0.6	1	509 60
101	601	0.6	1	528 73
102	553	0.6	1	455 98
103	495	0.6	1	422 73
104	383	0.6	1	323 60
105	361	0.6	1	299 62
106	306	0.6	1	239 67
107	271	0.6	1	210 61
108	269	0.6	1	203 66
109	217	0.6	1	156 61
110	201	0.6	1	139 62
111	164	0.6	1	106 58
112	131	0.6	1	77 54
113	150	0.6	1	74 76
114	101	0.6	1	50 51
115	76	0.6	1	33 43
116	103	0.6	1	27 76
117	95	0.6	1	27 68
118	137	0.6	1	30 107
119	92	0.6	1	21 71
120	66	0.6	1	16 50
121	93	0.6	1	13 80
122	158	0.6	1	15 143
123	115	0.6	1	7 108
124	46	0.6	1	10 36
125	103	0.6	1	3 100
126	79	0.6	1	3 76
127	95	0.6	1	5 90
128	86	0.6	1	5 81
129	79	0.6	1	3 76
130	65	0.6	1	6 59
131	107	0.6	1	4 103
132	71	0.6	1	8 63
133	49	0.6	1	8 41
134	60	0.6	1	15 45
135	65	0.6	1	3 62
136	77	0.6	1	5 72
137	65	0.6	1	4 61
138	76	0.6	1	7 69
139	50	0.6	1	5 45
140	63	0.6	1	8 55
141	87	0.6	1	6 81
142	73	0.6	1	6 67
143	41	0.6	1	1 40
144	43	0.6	1	3 40
145	69	0.6	1	8 61
146	33	0.6	1	7 26
147	143	0.6	1	16 127
148	56	0.6	1	8 48
149	36	0.6	1	5 31
150	311	0.6	1	32 279

RUN STATISTICS FOR INPUT FILE: /storage/brno12-cerit/home/duchmil/annotations/Cardamine_glauca_2025_06/rnaseq/1_raw_reads/XC618_F_MKRN250017680-1A_22VTVNLT4_L4_1.fq.gz
=============================================
39651686 sequences processed in total

