
SUMMARISING RUN PARAMETERS
==========================
Input filename: /storage/brno12-cerit/home/duchmil/annotations/Cardamine_glauca_2025_06/rnaseq/1_raw_reads/XC618_FB_MKRN250017681-1A_22VTVNLT4_L6_1.fq.gz
Trimming mode: paired-end
Trim Galore version: 0.6.2
Cutadapt version: 2.3
Python version: 3.4.1
Number of cores used for trimming: 4
Quality Phred score cutoff: 20
Quality encoding type selected: ASCII+33
Adapter sequence: 'AGATCGGAAGAGC' (Illumina TruSeq, Sanger iPCR; auto-detected)
Maximum trimming error rate: 0.1 (default)
Minimum required adapter overlap (stringency): 1 bp
Minimum required sequence length for both reads before a sequence pair gets removed: 20 bp
Output file will be GZIP compressed


This is cutadapt 2.3 with Python 3.4.1
Command line parameters: -j 4 -e 0.1 -q 20 -O 1 -a AGATCGGAAGAGC /storage/brno12-cerit/home/duchmil/annotations/Cardamine_glauca_2025_06/rnaseq/1_raw_reads/XC618_FB_MKRN250017681-1A_22VTVNLT4_L6_1.fq.gz
Processing reads on 4 cores in single-end mode ...
Finished in 198.12 s (7 us/read; 8.97 M reads/minute).

=== Summary ===

Total reads processed:              29,627,394
Reads with adapters:                10,677,472 (36.0%)
Reads written (passing filters):    29,627,394 (100.0%)

Total basepairs processed: 4,444,109,100 bp
Quality-trimmed:               4,510,612 bp (0.1%)
Total written (filtered):  4,412,787,380 bp (99.3%)

=== Adapter 1 ===

Sequence: AGATCGGAAGAGC; Type: regular 3'; Length: 13; Trimmed: 10677472 times.

No. of allowed errors:
0-9 bp: 0; 10-13 bp: 1

Bases preceding removed adapters:
  A: 34.1%
  C: 26.3%
  G: 23.0%
  T: 16.6%
  none/other: 0.0%

Overview of removed sequences
length	count	expect	max.err	error counts
1	7308459	7406848.5	0	7308459
2	2027347	1851712.1	0	2027347
3	720247	462928.0	0	720247
4	185866	115732.0	0	185866
5	55346	28933.0	0	55346
6	17106	7233.3	0	17106
7	11316	1808.3	0	11316
8	10331	452.1	0	10331
9	11003	113.0	0	9706 1297
10	11186	28.3	1	9033 2153
11	10299	7.1	1	9037 1262
12	9086	1.8	1	8697 389
13	8944	0.4	1	8615 329
14	8608	0.4	1	8392 216
15	8340	0.4	1	8114 226
16	8223	0.4	1	8025 198
17	8138	0.4	1	7924 214
18	8086	0.4	1	7868 218
19	7860	0.4	1	7696 164
20	7602	0.4	1	7383 219
21	7353	0.4	1	7168 185
22	7277	0.4	1	7137 140
23	7100	0.4	1	6973 127
24	6885	0.4	1	6737 148
25	6850	0.4	1	6693 157
26	6572	0.4	1	6402 170
27	6546	0.4	1	6317 229
28	6352	0.4	1	6157 195
29	6253	0.4	1	6076 177
30	6114	0.4	1	5970 144
31	5790	0.4	1	5655 135
32	5880	0.4	1	5691 189
33	5434	0.4	1	5322 112
34	5564	0.4	1	5400 164
35	5336	0.4	1	5192 144
36	5236	0.4	1	5083 153
37	5235	0.4	1	5065 170
38	4900	0.4	1	4771 129
39	4776	0.4	1	4649 127
40	4650	0.4	1	4552 98
41	4429	0.4	1	4272 157
42	4423	0.4	1	4272 151
43	4308	0.4	1	4165 143
44	4257	0.4	1	4081 176
45	3951	0.4	1	3827 124
46	5603	0.4	1	5423 180
47	3367	0.4	1	3261 106
48	5724	0.4	1	5552 172
49	1326	0.4	1	1211 115
50	9547	0.4	1	9291 256
51	6051	0.4	1	5930 121
52	2219	0.4	1	2101 118
53	2697	0.4	1	2563 134
54	5716	0.4	1	5560 156
55	1081	0.4	1	1017 64
56	2332	0.4	1	2260 72
57	1501	0.4	1	1442 59
58	2097	0.4	1	2053 44
59	1203	0.4	1	1148 55
60	1560	0.4	1	1467 93
61	4398	0.4	1	4304 94
62	1085	0.4	1	1001 84
63	3086	0.4	1	2981 105
64	410	0.4	1	210 200
65	547	0.4	1	386 161
66	1166	0.4	1	1071 95
67	3248	0.4	1	3116 132
68	351	0.4	1	168 183
69	174	0.4	1	90 84
70	733	0.4	1	644 89
71	850	0.4	1	776 74
72	966	0.4	1	923 43
73	428	0.4	1	364 64
74	221	0.4	1	131 90
75	549	0.4	1	347 202
76	802	0.4	1	707 95
77	869	0.4	1	793 76
78	947	0.4	1	827 120
79	963	0.4	1	857 106
80	897	0.4	1	750 147
81	880	0.4	1	810 70
82	814	0.4	1	742 72
83	788	0.4	1	678 110
84	764	0.4	1	710 54
85	725	0.4	1	627 98
86	721	0.4	1	627 94
87	657	0.4	1	581 76
88	596	0.4	1	554 42
89	622	0.4	1	560 62
90	617	0.4	1	562 55
91	574	0.4	1	499 75
92	587	0.4	1	505 82
93	569	0.4	1	486 83
94	445	0.4	1	382 63
95	471	0.4	1	425 46
96	396	0.4	1	329 67
97	402	0.4	1	343 59
98	398	0.4	1	338 60
99	336	0.4	1	287 49
100	334	0.4	1	295 39
101	331	0.4	1	247 84
102	366	0.4	1	234 132
103	289	0.4	1	213 76
104	237	0.4	1	173 64
105	204	0.4	1	157 47
106	210	0.4	1	145 65
107	177	0.4	1	138 39
108	190	0.4	1	116 74
109	156	0.4	1	85 71
110	131	0.4	1	84 47
111	125	0.4	1	70 55
112	122	0.4	1	54 68
113	114	0.4	1	53 61
114	74	0.4	1	37 37
115	89	0.4	1	37 52
116	117	0.4	1	20 97
117	65	0.4	1	15 50
118	111	0.4	1	18 93
119	73	0.4	1	9 64
120	65	0.4	1	8 57
121	70	0.4	1	8 62
122	156	0.4	1	19 137
123	161	0.4	1	6 155
124	54	0.4	1	7 47
125	138	0.4	1	14 124
126	132	0.4	1	9 123
127	82	0.4	1	7 75
128	84	0.4	1	11 73
129	86	0.4	1	6 80
130	106	0.4	1	4 102
131	135	0.4	1	3 132
132	55	0.4	1	3 52
133	54	0.4	1	3 51
134	38	0.4	1	4 34
135	87	0.4	1	10 77
136	69	0.4	1	11 58
137	63	0.4	1	4 59
138	55	0.4	1	6 49
139	46	0.4	1	2 44
140	68	0.4	1	3 65
141	94	0.4	1	7 87
142	86	0.4	1	4 82
143	64	0.4	1	3 61
144	29	0.4	1	2 27
145	81	0.4	1	12 69
146	39	0.4	1	5 34
147	211	0.4	1	23 188
148	53	0.4	1	7 46
149	50	0.4	1	8 42
150	506	0.4	1	105 401

RUN STATISTICS FOR INPUT FILE: /storage/brno12-cerit/home/duchmil/annotations/Cardamine_glauca_2025_06/rnaseq/1_raw_reads/XC618_FB_MKRN250017681-1A_22VTVNLT4_L6_1.fq.gz
=============================================
29627394 sequences processed in total

