
SUMMARISING RUN PARAMETERS
==========================
Input filename: /storage/brno12-cerit/home/duchmil/annotations/Cardamine_glauca_2025_06/rnaseq/1_raw_reads/XC618_F_MKRN250017680-1A_22VTVNLT4_L4_2.fq.gz
Trimming mode: paired-end
Trim Galore version: 0.6.2
Cutadapt version: 2.3
Python version: 3.4.1
Number of cores used for trimming: 4
Quality Phred score cutoff: 20
Quality encoding type selected: ASCII+33
Adapter sequence: 'AGATCGGAAGAGC' (Illumina TruSeq, Sanger iPCR; auto-detected)
Maximum trimming error rate: 0.1 (default)
Minimum required adapter overlap (stringency): 1 bp
Minimum required sequence length for both reads before a sequence pair gets removed: 20 bp
Output file will be GZIP compressed


This is cutadapt 2.3 with Python 3.4.1
Command line parameters: -j 4 -e 0.1 -q 20 -O 1 -a AGATCGGAAGAGC /storage/brno12-cerit/home/duchmil/annotations/Cardamine_glauca_2025_06/rnaseq/1_raw_reads/XC618_F_MKRN250017680-1A_22VTVNLT4_L4_2.fq.gz
Processing reads on 4 cores in single-end mode ...
Finished in 263.09 s (7 us/read; 9.04 M reads/minute).

=== Summary ===

Total reads processed:              39,651,686
Reads with adapters:                14,132,863 (35.6%)
Reads written (passing filters):    39,651,686 (100.0%)

Total basepairs processed: 5,947,752,900 bp
Quality-trimmed:               8,979,347 bp (0.2%)
Total written (filtered):  5,900,419,124 bp (99.2%)

=== Adapter 1 ===

Sequence: AGATCGGAAGAGC; Type: regular 3'; Length: 13; Trimmed: 14132863 times.

No. of allowed errors:
0-9 bp: 0; 10-13 bp: 1

Bases preceding removed adapters:
  A: 33.6%
  C: 26.6%
  G: 22.9%
  T: 17.0%
  none/other: 0.0%

Overview of removed sequences
length	count	expect	max.err	error counts
1	9644448	9912921.5	0	9644448
2	2617088	2478230.4	0	2617088
3	920711	619557.6	0	920711
4	241749	154889.4	0	241749
5	77290	38722.3	0	77290
6	29184	9680.6	0	29184
7	20836	2420.1	0	20836
8	18657	605.0	0	18657
9	19698	151.3	0	18088 1610
10	19990	37.8	1	17099 2891
11	18100	9.5	1	16679 1421
12	16736	2.4	1	16243 493
13	15929	0.6	1	15570 359
14	15680	0.6	1	15339 341
15	15378	0.6	1	14986 392
16	14921	0.6	1	14584 337
17	14766	0.6	1	14406 360
18	14209	0.6	1	13878 331
19	16910	0.6	1	16433 477
20	13931	0.6	1	13606 325
21	10382	0.6	1	10127 255
22	12044	0.6	1	11804 240
23	12230	0.6	1	11957 273
24	14043	0.6	1	13710 333
25	10353	0.6	1	10152 201
26	11567	0.6	1	11276 291
27	14832	0.6	1	14434 398
28	8243	0.6	1	7970 273
29	11714	0.6	1	11433 281
30	8901	0.6	1	8750 151
31	9786	0.6	1	9575 211
32	8838	0.6	1	8681 157
33	8943	0.6	1	8770 173
34	18040	0.6	1	17744 296
35	3404	0.6	1	3226 178
36	11729	0.6	1	11498 231
37	5285	0.6	1	5139 146
38	9298	0.6	1	9126 172
39	7595	0.6	1	7451 144
40	7740	0.6	1	7570 170
41	6341	0.6	1	6207 134
42	4464	0.6	1	4331 133
43	8278	0.6	1	8106 172
44	3605	0.6	1	3516 89
45	6793	0.6	1	6657 136
46	4314	0.6	1	4189 125
47	9250	0.6	1	9067 183
48	3063	0.6	1	2970 93
49	4108	0.6	1	3967 141
50	5525	0.6	1	5239 286
51	3980	0.6	1	3853 127
52	4198	0.6	1	4047 151
53	3815	0.6	1	3689 126
54	5446	0.6	1	5279 167
55	2161	0.6	1	2079 82
56	3804	0.6	1	3723 81
57	4123	0.6	1	4020 103
58	3030	0.6	1	2950 80
59	4403	0.6	1	4300 103
60	5207	0.6	1	5064 143
61	2659	0.6	1	2554 105
62	2764	0.6	1	2651 113
63	2183	0.6	1	2061 122
64	3306	0.6	1	3122 184
65	1455	0.6	1	1313 142
66	3098	0.6	1	2970 128
67	1796	0.6	1	1635 161
68	2027	0.6	1	1822 205
69	2763	0.6	1	2656 107
70	1772	0.6	1	1676 96
71	1173	0.6	1	1091 82
72	2656	0.6	1	2576 80
73	647	0.6	1	566 81
74	1844	0.6	1	1707 137
75	2061	0.6	1	1858 203
76	2235	0.6	1	2131 104
77	2154	0.6	1	2051 103
78	376	0.6	1	277 99
79	796	0.6	1	728 68
80	1197	0.6	1	1103 94
81	1311	0.6	1	1235 76
82	1338	0.6	1	1253 85
83	1318	0.6	1	1203 115
84	1350	0.6	1	1261 89
85	1198	0.6	1	1130 68
86	1219	0.6	1	1136 83
87	1122	0.6	1	1048 74
88	1049	0.6	1	996 53
89	1031	0.6	1	951 80
90	1035	0.6	1	945 90
91	1050	0.6	1	935 115
92	979	0.6	1	916 63
93	927	0.6	1	855 72
94	828	0.6	1	745 83
95	764	0.6	1	698 66
96	792	0.6	1	732 60
97	722	0.6	1	675 47
98	681	0.6	1	614 67
99	637	0.6	1	579 58
100	555	0.6	1	519 36
101	598	0.6	1	521 77
102	581	0.6	1	472 109
103	488	0.6	1	424 64
104	375	0.6	1	326 49
105	349	0.6	1	295 54
106	301	0.6	1	239 62
107	272	0.6	1	209 63
108	265	0.6	1	202 63
109	215	0.6	1	166 49
110	201	0.6	1	136 65
111	167	0.6	1	111 56
112	135	0.6	1	78 57
113	129	0.6	1	75 54
114	106	0.6	1	52 54
115	75	0.6	1	29 46
116	83	0.6	1	26 57
117	74	0.6	1	26 48
118	122	0.6	1	25 97
119	96	0.6	1	23 73
120	101	0.6	1	18 83
121	95	0.6	1	10 85
122	123	0.6	1	21 102
123	118	0.6	1	7 111
124	56	0.6	1	9 47
125	123	0.6	1	6 117
126	81	0.6	1	4 77
127	69	0.6	1	2 67
128	94	0.6	1	7 87
129	77	0.6	1	5 72
130	68	0.6	1	5 63
131	72	0.6	1	4 68
132	46	0.6	1	6 40
133	72	0.6	1	8 64
134	81	0.6	1	14 67
135	39	0.6	1	3 36
136	90	0.6	1	6 84
137	41	0.6	1	5 36
138	69	0.6	1	6 63
139	40	0.6	1	5 35
140	75	0.6	1	8 67
141	81	0.6	1	6 75
142	58	0.6	1	6 52
143	45	0.6	1	1 44
144	34	0.6	1	3 31
145	74	0.6	1	8 66
146	47	0.6	1	6 41
147	130	0.6	1	17 113
148	65	0.6	1	8 57
149	41	0.6	1	5 36
150	72	0.6	1	32 40

RUN STATISTICS FOR INPUT FILE: /storage/brno12-cerit/home/duchmil/annotations/Cardamine_glauca_2025_06/rnaseq/1_raw_reads/XC618_F_MKRN250017680-1A_22VTVNLT4_L4_2.fq.gz
=============================================
39651686 sequences processed in total

Total number of sequences analysed for the sequence pair length validation: 39651686

Number of sequence pairs removed because at least one read was shorter than the length cutoff (20 bp): 14785 (0.04%)
