
SUMMARISING RUN PARAMETERS
==========================
Input filename: /storage/brno12-cerit/home/duchmil/annotations/Erysimum_linariifolium_2025_09/rnaseq/1_raw_reads/XE263_S_1.fq.gz
Trimming mode: paired-end
Trim Galore version: 0.6.2
Cutadapt version: 2.3
Python version: 3.4.1
Number of cores used for trimming: 4
Quality Phred score cutoff: 20
Quality encoding type selected: ASCII+33
Adapter sequence: 'AGATCGGAAGAGC' (Illumina TruSeq, Sanger iPCR; auto-detected)
Maximum trimming error rate: 0.1 (default)
Minimum required adapter overlap (stringency): 1 bp
Minimum required sequence length for both reads before a sequence pair gets removed: 20 bp
Output file will be GZIP compressed


This is cutadapt 2.3 with Python 3.4.1
Command line parameters: -j 4 -e 0.1 -q 20 -O 1 -a AGATCGGAAGAGC /storage/brno12-cerit/home/duchmil/annotations/Erysimum_linariifolium_2025_09/rnaseq/1_raw_reads/XE263_S_1.fq.gz
Processing reads on 4 cores in single-end mode ...
Finished in 222.91 s (12 us/read; 4.87 M reads/minute).

=== Summary ===

Total reads processed:              18,099,930
Reads with adapters:                 6,623,004 (36.6%)
Reads written (passing filters):    18,099,930 (100.0%)

Total basepairs processed: 2,714,989,500 bp
Quality-trimmed:               7,665,155 bp (0.3%)
Total written (filtered):  2,688,823,166 bp (99.0%)

=== Adapter 1 ===

Sequence: AGATCGGAAGAGC; Type: regular 3'; Length: 13; Trimmed: 6623004 times.

No. of allowed errors:
0-9 bp: 0; 10-13 bp: 1

Bases preceding removed adapters:
  A: 35.0%
  C: 25.8%
  G: 22.4%
  T: 16.9%
  none/other: 0.0%

Overview of removed sequences
length	count	expect	max.err	error counts
1	4566976	4524982.5	0	4566976
2	1176978	1131245.6	0	1176978
3	443143	282811.4	0	443143
4	115250	70702.9	0	115250
5	37417	17675.7	0	37417
6	12224	4418.9	0	12224
7	8761	1104.7	0	8761
8	8115	276.2	0	8115
9	7837	69.0	0	7134 703
10	8582	17.3	1	6640 1942
11	8273	4.3	1	6906 1367
12	6685	1.1	1	6251 434
13	6560	0.3	1	6195 365
14	6562	0.3	1	6160 402
15	6133	0.3	1	5814 319
16	6209	0.3	1	5820 389
17	6302	0.3	1	5875 427
18	5519	0.3	1	5292 227
19	5211	0.3	1	4987 224
20	5439	0.3	1	5189 250
21	5355	0.3	1	5049 306
22	4856	0.3	1	4625 231
23	5057	0.3	1	4774 283
24	5147	0.3	1	4813 334
25	4672	0.3	1	4453 219
26	4550	0.3	1	4318 232
27	4576	0.3	1	4328 248
28	4512	0.3	1	4274 238
29	4312	0.3	1	4046 266
30	4178	0.3	1	3986 192
31	3833	0.3	1	3657 176
32	3954	0.3	1	3738 216
33	3855	0.3	1	3614 241
34	3943	0.3	1	3699 244
35	3984	0.3	1	3834 150
36	3034	0.3	1	2872 162
37	3527	0.3	1	3348 179
38	3255	0.3	1	3097 158
39	3319	0.3	1	3107 212
40	3293	0.3	1	3160 133
41	3123	0.3	1	2974 149
42	3242	0.3	1	2981 261
43	2869	0.3	1	2708 161
44	2923	0.3	1	2751 172
45	3037	0.3	1	2820 217
46	2808	0.3	1	2551 257
47	4467	0.3	1	4301 166
48	1105	0.3	1	993 112
49	2133	0.3	1	1991 142
50	3277	0.3	1	3115 162
51	2386	0.3	1	2265 121
52	1663	0.3	1	1514 149
53	2917	0.3	1	2747 170
54	1944	0.3	1	1793 151
55	1676	0.3	1	1566 110
56	2189	0.3	1	2046 143
57	2967	0.3	1	2828 139
58	2000	0.3	1	1861 139
59	2371	0.3	1	2215 156
60	1635	0.3	1	1551 84
61	2362	0.3	1	2162 200
62	1166	0.3	1	1062 104
63	982	0.3	1	907 75
64	2254	0.3	1	2141 113
65	1681	0.3	1	1575 106
66	974	0.3	1	884 90
67	1291	0.3	1	1045 246
68	3294	0.3	1	3165 129
69	748	0.3	1	689 59
70	1687	0.3	1	1574 113
71	856	0.3	1	772 84
72	724	0.3	1	621 103
73	108	0.3	1	53 55
74	201	0.3	1	145 56
75	598	0.3	1	472 126
76	794	0.3	1	727 67
77	928	0.3	1	815 113
78	949	0.3	1	861 88
79	924	0.3	1	825 99
80	931	0.3	1	845 86
81	885	0.3	1	781 104
82	850	0.3	1	751 99
83	809	0.3	1	672 137
84	763	0.3	1	672 91
85	750	0.3	1	644 106
86	668	0.3	1	578 90
87	665	0.3	1	608 57
88	723	0.3	1	634 89
89	690	0.3	1	628 62
90	727	0.3	1	601 126
91	670	0.3	1	549 121
92	615	0.3	1	546 69
93	489	0.3	1	443 46
94	514	0.3	1	443 71
95	481	0.3	1	398 83
96	450	0.3	1	364 86
97	454	0.3	1	339 115
98	395	0.3	1	338 57
99	374	0.3	1	328 46
100	405	0.3	1	342 63
101	307	0.3	1	252 55
102	366	0.3	1	285 81
103	309	0.3	1	251 58
104	260	0.3	1	187 73
105	208	0.3	1	141 67
106	227	0.3	1	170 57
107	141	0.3	1	109 32
108	165	0.3	1	116 49
109	127	0.3	1	73 54
110	174	0.3	1	76 98
111	119	0.3	1	81 38
112	116	0.3	1	59 57
113	173	0.3	1	45 128
114	68	0.3	1	23 45
115	59	0.3	1	23 36
116	73	0.3	1	28 45
117	67	0.3	1	14 53
118	78	0.3	1	18 60
119	45	0.3	1	11 34
120	62	0.3	1	10 52
121	49	0.3	1	13 36
122	54	0.3	1	7 47
123	32	0.3	1	2 30
124	120	0.3	1	4 116
125	79	0.3	1	1 78
126	83	0.3	1	3 80
127	58	0.3	1	3 55
128	45	0.3	1	0 45
129	52	0.3	1	5 47
130	40	0.3	1	0 40
131	52	0.3	1	2 50
132	71	0.3	1	2 69
133	69	0.3	1	3 66
134	69	0.3	1	5 64
135	50	0.3	1	1 49
136	107	0.3	1	1 106
137	73	0.3	1	1 72
138	73	0.3	1	4 69
139	32	0.3	1	0 32
140	65	0.3	1	1 64
141	181	0.3	1	2 179
142	54	0.3	1	0 54
143	85	0.3	1	0 85
144	28	0.3	1	2 26
145	24	0.3	1	1 23
146	19	0.3	1	3 16
147	143	0.3	1	5 138
148	30	0.3	1	0 30
149	29	0.3	1	1 28
150	45	0.3	1	1 44

RUN STATISTICS FOR INPUT FILE: /storage/brno12-cerit/home/duchmil/annotations/Erysimum_linariifolium_2025_09/rnaseq/1_raw_reads/XE263_S_1.fq.gz
=============================================
18099930 sequences processed in total

