
SUMMARISING RUN PARAMETERS
==========================
Input filename: /storage/brno12-cerit/home/duchmil/annotations/Erysimum_linariifolium_2025_09/rnaseq/1_raw_reads/XE263OL_Macrogen_2.fastq.gz
Trimming mode: paired-end
Trim Galore version: 0.6.2
Cutadapt version: 2.3
Python version: 3.4.1
Number of cores used for trimming: 4
Quality Phred score cutoff: 20
Quality encoding type selected: ASCII+33
Adapter sequence: 'AGATCGGAAGAGC' (Illumina TruSeq, Sanger iPCR; auto-detected)
Maximum trimming error rate: 0.1 (default)
Minimum required adapter overlap (stringency): 1 bp
Minimum required sequence length for both reads before a sequence pair gets removed: 20 bp
Output file will be GZIP compressed


This is cutadapt 2.3 with Python 3.4.1
Command line parameters: -j 4 -e 0.1 -q 20 -O 1 -a AGATCGGAAGAGC /storage/brno12-cerit/home/duchmil/annotations/Erysimum_linariifolium_2025_09/rnaseq/1_raw_reads/XE263OL_Macrogen_2.fastq.gz
Processing reads on 4 cores in single-end mode ...
Finished in 242.04 s (11 us/read; 5.29 M reads/minute).

=== Summary ===

Total reads processed:              21,354,005
Reads with adapters:                11,231,736 (52.6%)
Reads written (passing filters):    21,354,005 (100.0%)

Total basepairs processed: 3,224,454,755 bp
Quality-trimmed:              18,405,395 bp (0.6%)
Total written (filtered):  3,069,124,195 bp (95.2%)

=== Adapter 1 ===

Sequence: AGATCGGAAGAGC; Type: regular 3'; Length: 13; Trimmed: 11231736 times.

No. of allowed errors:
0-9 bp: 0; 10-13 bp: 1

Bases preceding removed adapters:
  A: 23.1%
  C: 26.5%
  G: 37.9%
  T: 12.5%
  none/other: 0.0%

Overview of removed sequences
length	count	expect	max.err	error counts
1	3866831	5338501.2	0	3866831
2	1302183	1334625.3	0	1302183
3	569378	333656.3	0	569378
4	238840	83414.1	0	238840
5	176519	20853.5	0	176519
6	153331	5213.4	0	153331
7	149169	1303.3	0	149169
8	149342	325.8	0	149342
9	157219	81.5	0	156187 1032
10	143742	20.4	1	140574 3168
11	149390	5.1	1	146020 3370
12	153002	1.3	1	150133 2869
13	134506	0.3	1	132205 2301
14	143768	0.3	1	141089 2679
15	142909	0.3	1	140168 2741
16	138891	0.3	1	135996 2895
17	142543	0.3	1	139698 2845
18	136442	0.3	1	133522 2920
19	316006	0.3	1	310770 5236
20	72132	0.3	1	70413 1719
21	28743	0.3	1	27658 1085
22	115377	0.3	1	113653 1724
23	126049	0.3	1	123761 2288
24	226298	0.3	1	222494 3804
25	49190	0.3	1	47659 1531
26	116677	0.3	1	114769 1908
27	268013	0.3	1	264792 3221
28	59292	0.3	1	57967 1325
29	145437	0.3	1	143616 1821
30	124185	0.3	1	122520 1665
31	32236	0.3	1	31268 968
32	153298	0.3	1	150941 2357
33	267249	0.3	1	264870 2379
34	36459	0.3	1	35590 869
35	91855	0.3	1	90494 1361
36	174244	0.3	1	172448 1796
37	10069	0.3	1	9497 572
38	50545	0.3	1	49725 820
39	16261	0.3	1	15691 570
40	68863	0.3	1	67736 1127
41	58057	0.3	1	57190 867
42	10544	0.3	1	10045 499
43	91526	0.3	1	90526 1000
44	6640	0.3	1	6166 474
45	94907	0.3	1	93745 1162
46	8200	0.3	1	7815 385
47	18002	0.3	1	17584 418
48	40766	0.3	1	40128 638
49	14436	0.3	1	14078 358
50	25553	0.3	1	25090 463
51	15226	0.3	1	14873 353
52	25668	0.3	1	25290 378
53	2815	0.3	1	2591 224
54	15880	0.3	1	15555 325
55	28660	0.3	1	28218 442
56	5291	0.3	1	5085 206
57	21325	0.3	1	20949 376
58	21367	0.3	1	21126 241
59	6801	0.3	1	6603 198
60	2966	0.3	1	2832 134
61	6519	0.3	1	6343 176
62	21197	0.3	1	20950 247
63	1572	0.3	1	1482 90
64	10271	0.3	1	10136 135
65	2165	0.3	1	2066 99
66	4903	0.3	1	4748 155
67	8514	0.3	1	8395 119
68	3466	0.3	1	3317 149
69	2056	0.3	1	1957 99
70	6876	0.3	1	6764 112
71	1914	0.3	1	1841 73
72	3993	0.3	1	3898 95
73	6555	0.3	1	6396 159
74	6770	0.3	1	6652 118
75	3914	0.3	1	3829 85
76	757	0.3	1	715 42
77	670	0.3	1	629 41
78	1255	0.3	1	1206 49
79	1515	0.3	1	1458 57
80	1568	0.3	1	1525 43
81	1581	0.3	1	1528 53
82	1609	0.3	1	1526 83
83	1518	0.3	1	1467 51
84	1544	0.3	1	1473 71
85	1450	0.3	1	1420 30
86	1324	0.3	1	1280 44
87	1324	0.3	1	1280 44
88	1209	0.3	1	1174 35
89	1205	0.3	1	1154 51
90	1083	0.3	1	1037 46
91	913	0.3	1	863 50
92	858	0.3	1	839 19
93	777	0.3	1	743 34
94	591	0.3	1	566 25
95	609	0.3	1	588 21
96	530	0.3	1	484 46
97	514	0.3	1	479 35
98	567	0.3	1	539 28
99	490	0.3	1	464 26
100	436	0.3	1	421 15
101	407	0.3	1	371 36
102	347	0.3	1	322 25
103	311	0.3	1	279 32
104	261	0.3	1	192 69
105	220	0.3	1	186 34
106	227	0.3	1	167 60
107	149	0.3	1	118 31
108	149	0.3	1	121 28
109	137	0.3	1	112 25
110	140	0.3	1	121 19
111	111	0.3	1	88 23
112	111	0.3	1	82 29
113	99	0.3	1	72 27
114	57	0.3	1	38 19
115	59	0.3	1	39 20
116	57	0.3	1	35 22
117	43	0.3	1	24 19
118	56	0.3	1	27 29
119	68	0.3	1	31 37
120	44	0.3	1	20 24
121	36	0.3	1	8 28
122	34	0.3	1	10 24
123	44	0.3	1	10 34
124	36	0.3	1	11 25
125	77	0.3	1	6 71
126	44	0.3	1	10 34
127	51	0.3	1	10 41
128	30	0.3	1	2 28
129	27	0.3	1	7 20
130	29	0.3	1	9 20
131	28	0.3	1	4 24
132	17	0.3	1	1 16
133	66	0.3	1	4 62
134	56	0.3	1	10 46
135	43	0.3	1	4 39
136	21	0.3	1	1 20
137	49	0.3	1	2 47
138	26	0.3	1	1 25
139	20	0.3	1	7 13
140	14	0.3	1	4 10
141	11	0.3	1	0 11
142	19	0.3	1	6 13
143	16	0.3	1	3 13
144	19	0.3	1	0 19
145	9	0.3	1	0 9
146	25	0.3	1	5 20
147	6	0.3	1	0 6
148	40	0.3	1	4 36
149	25	0.3	1	1 24
150	27	0.3	1	4 23
151	43	0.3	1	6 37

RUN STATISTICS FOR INPUT FILE: /storage/brno12-cerit/home/duchmil/annotations/Erysimum_linariifolium_2025_09/rnaseq/1_raw_reads/XE263OL_Macrogen_2.fastq.gz
=============================================
21354005 sequences processed in total

Total number of sequences analysed for the sequence pair length validation: 21354005

Number of sequence pairs removed because at least one read was shorter than the length cutoff (20 bp): 240664 (1.13%)
