
SUMMARISING RUN PARAMETERS
==========================
Input filename: /storage/brno12-cerit/home/duchmil/annotations/Erysimum_linariifolium_2025_09/rnaseq/1_raw_reads/XE263OL_Macrogen_1.fastq.gz
Trimming mode: paired-end
Trim Galore version: 0.6.2
Cutadapt version: 2.3
Python version: 3.4.1
Number of cores used for trimming: 4
Quality Phred score cutoff: 20
Quality encoding type selected: ASCII+33
Adapter sequence: 'AGATCGGAAGAGC' (Illumina TruSeq, Sanger iPCR; auto-detected)
Maximum trimming error rate: 0.1 (default)
Minimum required adapter overlap (stringency): 1 bp
Minimum required sequence length for both reads before a sequence pair gets removed: 20 bp
Output file will be GZIP compressed


This is cutadapt 2.3 with Python 3.4.1
Command line parameters: -j 4 -e 0.1 -q 20 -O 1 -a AGATCGGAAGAGC /storage/brno12-cerit/home/duchmil/annotations/Erysimum_linariifolium_2025_09/rnaseq/1_raw_reads/XE263OL_Macrogen_1.fastq.gz
Processing reads on 4 cores in single-end mode ...
Finished in 238.34 s (11 us/read; 5.38 M reads/minute).

=== Summary ===

Total reads processed:              21,354,005
Reads with adapters:                11,185,532 (52.4%)
Reads written (passing filters):    21,354,005 (100.0%)

Total basepairs processed: 3,224,454,755 bp
Quality-trimmed:               6,002,878 bp (0.2%)
Total written (filtered):  3,037,813,214 bp (94.2%)

=== Adapter 1 ===

Sequence: AGATCGGAAGAGC; Type: regular 3'; Length: 13; Trimmed: 11185532 times.

No. of allowed errors:
0-9 bp: 0; 10-13 bp: 1

Bases preceding removed adapters:
  A: 24.6%
  C: 28.7%
  G: 28.2%
  T: 18.5%
  none/other: 0.0%

Overview of removed sequences
length	count	expect	max.err	error counts
1	3820751	5338501.2	0	3820751
2	1125975	1334625.3	0	1125975
3	505263	333656.3	0	505263
4	229813	83414.1	0	229813
5	174462	20853.5	0	174462
6	152388	5213.4	0	152388
7	147428	1303.3	0	147428
8	147613	325.8	0	147613
9	155888	81.5	0	154850 1038
10	142909	20.4	1	138452 4457
11	148435	5.1	1	143866 4569
12	142561	1.3	1	138759 3802
13	145018	0.3	1	140538 4480
14	142290	0.3	1	138038 4252
15	143752	0.3	1	139148 4604
16	138996	0.3	1	134749 4247
17	142848	0.3	1	138372 4476
18	131789	0.3	1	128316 3473
19	132577	0.3	1	128751 3826
20	133596	0.3	1	129429 4167
21	132816	0.3	1	128636 4180
22	125293	0.3	1	121796 3497
23	125047	0.3	1	121339 3708
24	123436	0.3	1	119521 3915
25	120845	0.3	1	117362 3483
26	108545	0.3	1	105499 3046
27	112251	0.3	1	108806 3445
28	109309	0.3	1	105852 3457
29	104648	0.3	1	101599 3049
30	98116	0.3	1	95600 2516
31	98408	0.3	1	95582 2826
32	99268	0.3	1	96261 3007
33	88422	0.3	1	86021 2401
34	93391	0.3	1	90403 2988
35	80480	0.3	1	78182 2298
36	84583	0.3	1	81815 2768
37	75390	0.3	1	73278 2112
38	78118	0.3	1	75990 2128
39	64702	0.3	1	62940 1762
40	67831	0.3	1	65734 2097
41	63156	0.3	1	61273 1883
42	62811	0.3	1	61114 1697
43	58780	0.3	1	56655 2125
44	81560	0.3	1	79497 2063
45	35269	0.3	1	34059 1210
46	36791	0.3	1	35722 1069
47	43193	0.3	1	42065 1128
48	41951	0.3	1	40743 1208
49	39564	0.3	1	38390 1174
50	37917	0.3	1	36817 1100
51	36003	0.3	1	34932 1071
52	35212	0.3	1	34116 1096
53	35293	0.3	1	34184 1109
54	32585	0.3	1	31608 977
55	34001	0.3	1	32354 1647
56	40603	0.3	1	39561 1042
57	42971	0.3	1	41766 1205
58	35198	0.3	1	34366 832
59	20732	0.3	1	20186 546
60	12630	0.3	1	12184 446
61	7557	0.3	1	7326 231
62	8343	0.3	1	7996 347
63	7745	0.3	1	7505 240
64	5824	0.3	1	5629 195
65	3760	0.3	1	3573 187
66	3387	0.3	1	3245 142
67	4315	0.3	1	4181 134
68	5514	0.3	1	5310 204
69	6137	0.3	1	5948 189
70	5781	0.3	1	5639 142
71	5406	0.3	1	5240 166
72	5062	0.3	1	4896 166
73	4830	0.3	1	4695 135
74	4681	0.3	1	4465 216
75	4519	0.3	1	4342 177
76	4609	0.3	1	4124 485
77	3984	0.3	1	3720 264
78	3721	0.3	1	3501 220
79	3325	0.3	1	3116 209
80	2838	0.3	1	2725 113
81	2625	0.3	1	2489 136
82	2267	0.3	1	2185 82
83	2183	0.3	1	2058 125
84	2178	0.3	1	1781 397
85	1992	0.3	1	1760 232
86	1846	0.3	1	1642 204
87	1792	0.3	1	1550 242
88	1536	0.3	1	1434 102
89	1423	0.3	1	1281 142
90	1301	0.3	1	1214 87
91	1160	0.3	1	1035 125
92	1028	0.3	1	969 59
93	908	0.3	1	809 99
94	731	0.3	1	667 64
95	676	0.3	1	619 57
96	590	0.3	1	525 65
97	562	0.3	1	509 53
98	623	0.3	1	560 63
99	575	0.3	1	524 51
100	515	0.3	1	452 63
101	457	0.3	1	398 59
102	374	0.3	1	328 46
103	392	0.3	1	284 108
104	288	0.3	1	206 82
105	344	0.3	1	194 150
106	257	0.3	1	173 84
107	193	0.3	1	126 67
108	183	0.3	1	118 65
109	198	0.3	1	107 91
110	213	0.3	1	121 92
111	177	0.3	1	93 84
112	133	0.3	1	89 44
113	104	0.3	1	67 37
114	81	0.3	1	38 43
115	65	0.3	1	35 30
116	59	0.3	1	33 26
117	48	0.3	1	23 25
118	45	0.3	1	23 22
119	66	0.3	1	32 34
120	56	0.3	1	17 39
121	84	0.3	1	8 76
122	44	0.3	1	9 35
123	44	0.3	1	9 35
124	66	0.3	1	11 55
125	58	0.3	1	7 51
126	53	0.3	1	7 46
127	32	0.3	1	8 24
128	35	0.3	1	3 32
129	50	0.3	1	4 46
130	54	0.3	1	6 48
131	49	0.3	1	5 44
132	66	0.3	1	1 65
133	51	0.3	1	1 50
134	138	0.3	1	10 128
135	59	0.3	1	2 57
136	77	0.3	1	1 76
137	77	0.3	1	2 75
138	60	0.3	1	1 59
139	70	0.3	1	7 63
140	77	0.3	1	3 74
141	89	0.3	1	1 88
142	207	0.3	1	6 201
143	55	0.3	1	4 51
144	39	0.3	1	1 38
145	51	0.3	1	0 51
146	60	0.3	1	5 55
147	71	0.3	1	0 71
148	139	0.3	1	1 138
149	160	0.3	1	1 159
150	732	0.3	1	3 729
151	229632	0.3	1	7 229625

RUN STATISTICS FOR INPUT FILE: /storage/brno12-cerit/home/duchmil/annotations/Erysimum_linariifolium_2025_09/rnaseq/1_raw_reads/XE263OL_Macrogen_1.fastq.gz
=============================================
21354005 sequences processed in total

