
SUMMARISING RUN PARAMETERS
==========================
Input filename: /storage/brno12-cerit/home/duchmil/annotations/Erysimum_linariifolium_2025_09/rnaseq/1_raw_reads/XE774_F_MKRN250017682-1A_22VTVNLT4_L4_2.fq.gz
Trimming mode: paired-end
Trim Galore version: 0.6.2
Cutadapt version: 2.3
Python version: 3.4.1
Number of cores used for trimming: 4
Quality Phred score cutoff: 20
Quality encoding type selected: ASCII+33
Adapter sequence: 'AGATCGGAAGAGC' (Illumina TruSeq, Sanger iPCR; auto-detected)
Maximum trimming error rate: 0.1 (default)
Minimum required adapter overlap (stringency): 1 bp
Minimum required sequence length for both reads before a sequence pair gets removed: 20 bp
Output file will be GZIP compressed


This is cutadapt 2.3 with Python 3.4.1
Command line parameters: -j 4 -e 0.1 -q 20 -O 1 -a AGATCGGAAGAGC /storage/brno12-cerit/home/duchmil/annotations/Erysimum_linariifolium_2025_09/rnaseq/1_raw_reads/XE774_F_MKRN250017682-1A_22VTVNLT4_L4_2.fq.gz
Processing reads on 4 cores in single-end mode ...
Finished in 457.05 s (11 us/read; 5.55 M reads/minute).

=== Summary ===

Total reads processed:              42,246,086
Reads with adapters:                14,836,935 (35.1%)
Reads written (passing filters):    42,246,086 (100.0%)

Total basepairs processed: 6,336,912,900 bp
Quality-trimmed:               6,550,176 bp (0.1%)
Total written (filtered):  6,287,332,147 bp (99.2%)

=== Adapter 1 ===

Sequence: AGATCGGAAGAGC; Type: regular 3'; Length: 13; Trimmed: 14836935 times.

No. of allowed errors:
0-9 bp: 0; 10-13 bp: 1

Bases preceding removed adapters:
  A: 31.8%
  C: 27.3%
  G: 23.8%
  T: 17.1%
  none/other: 0.0%

Overview of removed sequences
length	count	expect	max.err	error counts
1	9991497	10561521.5	0	9991497
2	2728883	2640380.4	0	2728883
3	922227	660095.1	0	922227
4	246190	165023.8	0	246190
5	89797	41255.9	0	89797
6	39695	10314.0	0	39695
7	32474	2578.5	0	32474
8	29538	644.6	0	29538
9	29233	161.2	0	27434 1799
10	29454	40.3	1	26660 2794
11	27231	10.1	1	25875 1356
12	26050	2.5	1	25521 529
13	25106	0.6	1	24752 354
14	24480	0.6	1	24118 362
15	23461	0.6	1	23096 365
16	22523	0.6	1	22162 361
17	22295	0.6	1	21881 414
18	21377	0.6	1	21050 327
19	25532	0.6	1	25035 497
20	21533	0.6	1	21288 245
21	14999	0.6	1	14737 262
22	17929	0.6	1	17681 248
23	18245	0.6	1	17905 340
24	21894	0.6	1	21462 432
25	14732	0.6	1	14498 234
26	16464	0.6	1	16189 275
27	21372	0.6	1	21039 333
28	13141	0.6	1	12918 223
29	15176	0.6	1	14958 218
30	14817	0.6	1	14614 203
31	11559	0.6	1	11369 190
32	13006	0.6	1	12842 164
33	11675	0.6	1	11531 144
34	17144	0.6	1	16907 237
35	9054	0.6	1	8891 163
36	21364	0.6	1	21135 229
37	6532	0.6	1	6408 124
38	9616	0.6	1	9477 139
39	9776	0.6	1	9653 123
40	10308	0.6	1	10167 141
41	5928	0.6	1	5801 127
42	7651	0.6	1	7534 117
43	10396	0.6	1	10252 144
44	4933	0.6	1	4843 90
45	10184	0.6	1	10024 160
46	5742	0.6	1	5609 133
47	17312	0.6	1	17147 165
48	2543	0.6	1	2427 116
49	4204	0.6	1	4128 76
50	7779	0.6	1	7632 147
51	3376	0.6	1	3287 89
52	4906	0.6	1	4777 129
53	3951	0.6	1	3854 97
54	7108	0.6	1	6952 156
55	931	0.6	1	831 100
56	4189	0.6	1	4086 103
57	4762	0.6	1	4663 99
58	2160	0.6	1	2083 77
59	5911	0.6	1	5810 101
60	6153	0.6	1	6046 107
61	1966	0.6	1	1866 100
62	1595	0.6	1	1513 82
63	1343	0.6	1	1258 85
64	3788	0.6	1	3680 108
65	606	0.6	1	505 101
66	2345	0.6	1	2266 79
67	865	0.6	1	739 126
68	1149	0.6	1	1048 101
69	2215	0.6	1	2154 61
70	866	0.6	1	784 82
71	505	0.6	1	446 59
72	1797	0.6	1	1742 55
73	347	0.6	1	266 81
74	1312	0.6	1	1239 73
75	1512	0.6	1	1407 105
76	1687	0.6	1	1585 102
77	1712	0.6	1	1622 90
78	359	0.6	1	290 69
79	487	0.6	1	383 104
80	888	0.6	1	789 99
81	1021	0.6	1	893 128
82	1090	0.6	1	944 146
83	1125	0.6	1	1003 122
84	965	0.6	1	859 106
85	952	0.6	1	862 90
86	912	0.6	1	844 68
87	951	0.6	1	871 80
88	828	0.6	1	762 66
89	882	0.6	1	762 120
90	855	0.6	1	762 93
91	883	0.6	1	768 115
92	743	0.6	1	685 58
93	697	0.6	1	600 97
94	690	0.6	1	611 79
95	599	0.6	1	514 85
96	596	0.6	1	507 89
97	591	0.6	1	474 117
98	544	0.6	1	482 62
99	466	0.6	1	412 54
100	437	0.6	1	376 61
101	410	0.6	1	353 57
102	370	0.6	1	302 68
103	314	0.6	1	266 48
104	326	0.6	1	235 91
105	298	0.6	1	232 66
106	240	0.6	1	175 65
107	224	0.6	1	162 62
108	187	0.6	1	137 50
109	237	0.6	1	152 85
110	199	0.6	1	114 85
111	201	0.6	1	94 107
112	136	0.6	1	57 79
113	173	0.6	1	63 110
114	86	0.6	1	46 40
115	77	0.6	1	25 52
116	99	0.6	1	31 68
117	84	0.6	1	31 53
118	70	0.6	1	14 56
119	81	0.6	1	22 59
120	85	0.6	1	12 73
121	61	0.6	1	13 48
122	93	0.6	1	17 76
123	87	0.6	1	10 77
124	93	0.6	1	11 82
125	81	0.6	1	7 74
126	132	0.6	1	8 124
127	79	0.6	1	9 70
128	77	0.6	1	5 72
129	113	0.6	1	4 109
130	75	0.6	1	8 67
131	84	0.6	1	6 78
132	86	0.6	1	8 78
133	99	0.6	1	5 94
134	80	0.6	1	3 77
135	62	0.6	1	6 56
136	107	0.6	1	8 99
137	61	0.6	1	12 49
138	83	0.6	1	9 74
139	60	0.6	1	4 56
140	67	0.6	1	4 63
141	146	0.6	1	6 140
142	57	0.6	1	5 52
143	62	0.6	1	1 61
144	34	0.6	1	4 30
145	56	0.6	1	14 42
146	30	0.6	1	7 23
147	100	0.6	1	17 83
148	38	0.6	1	3 35
149	22	0.6	1	4 18
150	144	0.6	1	98 46

RUN STATISTICS FOR INPUT FILE: /storage/brno12-cerit/home/duchmil/annotations/Erysimum_linariifolium_2025_09/rnaseq/1_raw_reads/XE774_F_MKRN250017682-1A_22VTVNLT4_L4_2.fq.gz
=============================================
42246086 sequences processed in total

Total number of sequences analysed for the sequence pair length validation: 42246086

Number of sequence pairs removed because at least one read was shorter than the length cutoff (20 bp): 15476 (0.04%)
