
SUMMARISING RUN PARAMETERS
==========================
Input filename: /storage/brno12-cerit/home/duchmil/annotations/Erysimum_linariifolium_2025_09/rnaseq/1_raw_reads/XE774_F_MKRN250017682-1A_22VTVNLT4_L4_1.fq.gz
Trimming mode: paired-end
Trim Galore version: 0.6.2
Cutadapt version: 2.3
Python version: 3.4.1
Number of cores used for trimming: 4
Quality Phred score cutoff: 20
Quality encoding type selected: ASCII+33
Adapter sequence: 'AGATCGGAAGAGC' (Illumina TruSeq, Sanger iPCR; auto-detected)
Maximum trimming error rate: 0.1 (default)
Minimum required adapter overlap (stringency): 1 bp
Minimum required sequence length for both reads before a sequence pair gets removed: 20 bp
Output file will be GZIP compressed


This is cutadapt 2.3 with Python 3.4.1
Command line parameters: -j 4 -e 0.1 -q 20 -O 1 -a AGATCGGAAGAGC /storage/brno12-cerit/home/duchmil/annotations/Erysimum_linariifolium_2025_09/rnaseq/1_raw_reads/XE774_F_MKRN250017682-1A_22VTVNLT4_L4_1.fq.gz
Processing reads on 4 cores in single-end mode ...
Finished in 456.65 s (11 us/read; 5.55 M reads/minute).

=== Summary ===

Total reads processed:              42,246,086
Reads with adapters:                15,030,711 (35.6%)
Reads written (passing filters):    42,246,086 (100.0%)

Total basepairs processed: 6,336,912,900 bp
Quality-trimmed:               3,749,281 bp (0.1%)
Total written (filtered):  6,289,604,931 bp (99.3%)

=== Adapter 1 ===

Sequence: AGATCGGAAGAGC; Type: regular 3'; Length: 13; Trimmed: 15030711 times.

No. of allowed errors:
0-9 bp: 0; 10-13 bp: 1

Bases preceding removed adapters:
  A: 32.3%
  C: 26.8%
  G: 24.1%
  T: 16.8%
  none/other: 0.0%

Overview of removed sequences
length	count	expect	max.err	error counts
1	10097327	10561521.5	0	10097327
2	2785399	2640380.4	0	2785399
3	945351	660095.1	0	945351
4	251667	165023.8	0	251667
5	90565	41255.9	0	90565
6	40012	10314.0	0	40012
7	32833	2578.5	0	32833
8	29468	644.6	0	29468
9	29512	161.2	0	27441 2071
10	29507	40.3	1	26629 2878
11	27279	10.1	1	25921 1358
12	25716	2.5	1	25210 506
13	25367	0.6	1	25019 348
14	24374	0.6	1	24087 287
15	23308	0.6	1	23041 267
16	22586	0.6	1	22346 240
17	22162	0.6	1	21867 295
18	21154	0.6	1	20981 173
19	20815	0.6	1	20599 216
20	20254	0.6	1	20002 252
21	19096	0.6	1	18837 259
22	18593	0.6	1	18375 218
23	18204	0.6	1	17932 272
24	17440	0.6	1	17231 209
25	17402	0.6	1	17200 202
26	16501	0.6	1	16286 215
27	15879	0.6	1	15707 172
28	15384	0.6	1	15118 266
29	14933	0.6	1	14711 222
30	14035	0.6	1	13889 146
31	13402	0.6	1	13250 152
32	12962	0.6	1	12753 209
33	12255	0.6	1	12126 129
34	12042	0.6	1	11899 143
35	11860	0.6	1	11675 185
36	11205	0.6	1	11071 134
37	10678	0.6	1	10541 137
38	10306	0.6	1	10151 155
39	9842	0.6	1	9721 121
40	9343	0.6	1	9218 125
41	8797	0.6	1	8678 119
42	8610	0.6	1	8448 162
43	8011	0.6	1	7875 136
44	7859	0.6	1	7712 147
45	7595	0.6	1	7458 137
46	8818	0.6	1	8645 173
47	6511	0.6	1	6394 117
48	11428	0.6	1	11259 169
49	2066	0.6	1	1956 110
50	28855	0.6	1	28669 186
51	15127	0.6	1	15007 120
52	3676	0.6	1	3535 141
53	3100	0.6	1	3014 86
54	9135	0.6	1	8992 143
55	935	0.6	1	836 99
56	2584	0.6	1	2517 67
57	798	0.6	1	730 68
58	1726	0.6	1	1654 72
59	497	0.6	1	438 59
60	1885	0.6	1	1802 83
61	5432	0.6	1	5328 104
62	502	0.6	1	434 68
63	2887	0.6	1	2777 110
64	210	0.6	1	109 101
65	165	0.6	1	88 77
66	1594	0.6	1	1477 117
67	2594	0.6	1	2433 161
68	206	0.6	1	118 88
69	134	0.6	1	83 51
70	600	0.6	1	534 66
71	931	0.6	1	867 64
72	830	0.6	1	783 47
73	363	0.6	1	297 66
74	222	0.6	1	157 65
75	609	0.6	1	496 113
76	1074	0.6	1	1024 50
77	1308	0.6	1	1233 75
78	1341	0.6	1	1269 72
79	1300	0.6	1	1222 78
80	1249	0.6	1	1168 81
81	1169	0.6	1	1083 86
82	1152	0.6	1	1059 93
83	1248	0.6	1	1091 157
84	985	0.6	1	913 72
85	1005	0.6	1	893 112
86	948	0.6	1	893 55
87	961	0.6	1	905 56
88	851	0.6	1	791 60
89	882	0.6	1	773 109
90	860	0.6	1	765 95
91	955	0.6	1	782 173
92	790	0.6	1	699 91
93	695	0.6	1	612 83
94	688	0.6	1	610 78
95	607	0.6	1	516 91
96	580	0.6	1	513 67
97	588	0.6	1	472 116
98	548	0.6	1	477 71
99	473	0.6	1	416 57
100	426	0.6	1	368 58
101	421	0.6	1	351 70
102	372	0.6	1	300 72
103	334	0.6	1	273 61
104	302	0.6	1	236 66
105	312	0.6	1	236 76
106	218	0.6	1	171 47
107	215	0.6	1	155 60
108	183	0.6	1	132 51
109	219	0.6	1	148 71
110	223	0.6	1	108 115
111	176	0.6	1	97 79
112	151	0.6	1	59 92
113	143	0.6	1	58 85
114	89	0.6	1	45 44
115	89	0.6	1	29 60
116	85	0.6	1	33 52
117	71	0.6	1	30 41
118	77	0.6	1	12 65
119	73	0.6	1	22 51
120	71	0.6	1	11 60
121	57	0.6	1	10 47
122	72	0.6	1	16 56
123	81	0.6	1	8 73
124	116	0.6	1	14 102
125	83	0.6	1	7 76
126	130	0.6	1	9 121
127	89	0.6	1	9 80
128	83	0.6	1	5 78
129	81	0.6	1	4 77
130	64	0.6	1	8 56
131	86	0.6	1	9 77
132	83	0.6	1	8 75
133	91	0.6	1	5 86
134	61	0.6	1	3 58
135	66	0.6	1	6 60
136	128	0.6	1	7 121
137	69	0.6	1	11 58
138	67	0.6	1	8 59
139	53	0.6	1	4 49
140	54	0.6	1	4 50
141	147	0.6	1	5 142
142	65	0.6	1	5 60
143	72	0.6	1	1 71
144	28	0.6	1	4 24
145	63	0.6	1	14 49
146	37	0.6	1	7 30
147	131	0.6	1	16 115
148	34	0.6	1	3 31
149	35	0.6	1	4 31
150	668	0.6	1	100 568

RUN STATISTICS FOR INPUT FILE: /storage/brno12-cerit/home/duchmil/annotations/Erysimum_linariifolium_2025_09/rnaseq/1_raw_reads/XE774_F_MKRN250017682-1A_22VTVNLT4_L4_1.fq.gz
=============================================
42246086 sequences processed in total

