
SUMMARISING RUN PARAMETERS
==========================
Input filename: /storage/brno12-cerit/home/duchmil/annotations/Odontarrhena_muralis_2025_10/rnaseq/1_raw_reads/XO467_OL_2.fq.gz
Trimming mode: paired-end
Trim Galore version: 0.6.2
Cutadapt version: 2.3
Python version: 3.4.1
Number of cores used for trimming: 4
Quality Phred score cutoff: 20
Quality encoding type selected: ASCII+33
Adapter sequence: 'AGATCGGAAGAGC' (Illumina TruSeq, Sanger iPCR; auto-detected)
Maximum trimming error rate: 0.1 (default)
Minimum required adapter overlap (stringency): 1 bp
Minimum required sequence length for both reads before a sequence pair gets removed: 20 bp
Output file will be GZIP compressed


This is cutadapt 2.3 with Python 3.4.1
Command line parameters: -j 4 -e 0.1 -q 20 -O 1 -a AGATCGGAAGAGC /storage/brno12-cerit/home/duchmil/annotations/Odontarrhena_muralis_2025_10/rnaseq/1_raw_reads/XO467_OL_2.fq.gz
Processing reads on 4 cores in single-end mode ...
Finished in 157.21 s (7 us/read; 8.25 M reads/minute).

=== Summary ===

Total reads processed:              21,610,522
Reads with adapters:                 8,053,271 (37.3%)
Reads written (passing filters):    21,610,522 (100.0%)

Total basepairs processed: 3,241,578,300 bp
Quality-trimmed:               5,167,283 bp (0.2%)
Total written (filtered):  3,202,631,766 bp (98.8%)

=== Adapter 1 ===

Sequence: AGATCGGAAGAGC; Type: regular 3'; Length: 13; Trimmed: 8053271 times.

No. of allowed errors:
0-9 bp: 0; 10-13 bp: 1

Bases preceding removed adapters:
  A: 32.6%
  C: 27.1%
  G: 24.0%
  T: 16.3%
  none/other: 0.0%

Overview of removed sequences
length	count	expect	max.err	error counts
1	5248014	5402630.5	0	5248014
2	1450849	1350657.6	0	1450849
3	535178	337664.4	0	535178
4	137790	84416.1	0	137790
5	49718	21104.0	0	49718
6	19809	5276.0	0	19809
7	15942	1319.0	0	15942
8	15404	329.8	0	15404
9	14466	82.4	0	13465 1001
10	14904	20.6	1	13364 1540
11	14493	5.2	1	13271 1222
12	13687	1.3	1	13000 687
13	12668	0.3	1	12173 495
14	13167	0.3	1	12710 457
15	12178	0.3	1	11737 441
16	12325	0.3	1	11915 410
17	13394	0.3	1	12968 426
18	10547	0.3	1	10175 372
19	13785	0.3	1	13323 462
20	10034	0.3	1	9719 315
21	10508	0.3	1	10147 361
22	10859	0.3	1	10498 361
23	10709	0.3	1	10365 344
24	11726	0.3	1	11314 412
25	10631	0.3	1	10293 338
26	9485	0.3	1	9198 287
27	9710	0.3	1	9325 385
28	9941	0.3	1	9661 280
29	9404	0.3	1	9127 277
30	9530	0.3	1	9305 225
31	9336	0.3	1	9049 287
32	9536	0.3	1	9283 253
33	8302	0.3	1	8031 271
34	9069	0.3	1	8712 357
35	7967	0.3	1	7722 245
36	8421	0.3	1	8150 271
37	8202	0.3	1	7937 265
38	8547	0.3	1	8283 264
39	8100	0.3	1	7837 263
40	8282	0.3	1	8085 197
41	6835	0.3	1	6659 176
42	7280	0.3	1	7067 213
43	7104	0.3	1	6886 218
44	7180	0.3	1	6972 208
45	6566	0.3	1	6388 178
46	6497	0.3	1	6327 170
47	6511	0.3	1	6284 227
48	7221	0.3	1	6984 237
49	5922	0.3	1	5738 184
50	5866	0.3	1	5643 223
51	6243	0.3	1	6017 226
52	5516	0.3	1	5311 205
53	5814	0.3	1	5651 163
54	5585	0.3	1	5427 158
55	5394	0.3	1	5250 144
56	5556	0.3	1	5403 153
57	5027	0.3	1	4865 162
58	5207	0.3	1	5016 191
59	5701	0.3	1	5508 193
60	4365	0.3	1	4172 193
61	4338	0.3	1	4200 138
62	4962	0.3	1	4786 176
63	4177	0.3	1	4058 119
64	4239	0.3	1	4106 133
65	6424	0.3	1	6275 149
66	3262	0.3	1	3170 92
67	3138	0.3	1	3020 118
68	3626	0.3	1	3499 127
69	3936	0.3	1	3803 133
70	3704	0.3	1	3591 113
71	3285	0.3	1	3183 102
72	3704	0.3	1	3568 136
73	3420	0.3	1	3312 108
74	3526	0.3	1	3386 140
75	5793	0.3	1	5653 140
76	4356	0.3	1	4244 112
77	5412	0.3	1	5280 132
78	2726	0.3	1	2675 51
79	1188	0.3	1	1085 103
80	1472	0.3	1	1418 54
81	1704	0.3	1	1641 63
82	1700	0.3	1	1634 66
83	1798	0.3	1	1705 93
84	1896	0.3	1	1715 181
85	1986	0.3	1	1920 66
86	1903	0.3	1	1813 90
87	2022	0.3	1	1943 79
88	1673	0.3	1	1592 81
89	1570	0.3	1	1453 117
90	1532	0.3	1	1437 95
91	1600	0.3	1	1468 132
92	1641	0.3	1	1523 118
93	1477	0.3	1	1420 57
94	1348	0.3	1	1272 76
95	1198	0.3	1	1148 50
96	1038	0.3	1	965 73
97	992	0.3	1	941 51
98	977	0.3	1	912 65
99	976	0.3	1	893 83
100	1032	0.3	1	924 108
101	1062	0.3	1	980 82
102	933	0.3	1	875 58
103	830	0.3	1	663 167
104	603	0.3	1	548 55
105	503	0.3	1	437 66
106	413	0.3	1	336 77
107	392	0.3	1	331 61
108	353	0.3	1	309 44
109	260	0.3	1	238 22
110	288	0.3	1	221 67
111	203	0.3	1	151 52
112	169	0.3	1	128 41
113	146	0.3	1	101 45
114	203	0.3	1	84 119
115	102	0.3	1	47 55
116	117	0.3	1	55 62
117	97	0.3	1	28 69
118	138	0.3	1	28 110
119	60	0.3	1	15 45
120	79	0.3	1	15 64
121	78	0.3	1	14 64
122	59	0.3	1	8 51
123	68	0.3	1	8 60
124	44	0.3	1	3 41
125	108	0.3	1	6 102
126	56	0.3	1	5 51
127	35	0.3	1	6 29
128	44	0.3	1	1 43
129	54	0.3	1	2 52
130	25	0.3	1	2 23
131	35	0.3	1	2 33
132	48	0.3	1	3 45
133	41	0.3	1	3 38
134	35	0.3	1	1 34
135	53	0.3	1	2 51
136	56	0.3	1	1 55
137	59	0.3	1	4 55
138	41	0.3	1	8 33
139	32	0.3	1	7 25
140	55	0.3	1	3 52
141	99	0.3	1	4 95
142	55	0.3	1	5 50
143	27	0.3	1	4 23
144	21	0.3	1	3 18
145	44	0.3	1	2 42
146	40	0.3	1	1 39
147	127	0.3	1	5 122
148	57	0.3	1	12 45
149	34	0.3	1	2 32
150	32	0.3	1	4 28

RUN STATISTICS FOR INPUT FILE: /storage/brno12-cerit/home/duchmil/annotations/Odontarrhena_muralis_2025_10/rnaseq/1_raw_reads/XO467_OL_2.fq.gz
=============================================
21610522 sequences processed in total

Total number of sequences analysed for the sequence pair length validation: 21610522

Number of sequence pairs removed because at least one read was shorter than the length cutoff (20 bp): 5328 (0.02%)
