
SUMMARISING RUN PARAMETERS
==========================
Input filename: /storage/brno12-cerit/home/duchmil/annotations/Odontarrhena_muralis_2025_10/rnaseq/1_raw_reads/XO467_S_1.fq.gz
Trimming mode: paired-end
Trim Galore version: 0.6.2
Cutadapt version: 2.3
Python version: 3.4.1
Number of cores used for trimming: 4
Quality Phred score cutoff: 20
Quality encoding type selected: ASCII+33
Adapter sequence: 'AGATCGGAAGAGC' (Illumina TruSeq, Sanger iPCR; auto-detected)
Maximum trimming error rate: 0.1 (default)
Minimum required adapter overlap (stringency): 1 bp
Minimum required sequence length for both reads before a sequence pair gets removed: 20 bp
Output file will be GZIP compressed


This is cutadapt 2.3 with Python 3.4.1
Command line parameters: -j 4 -e 0.1 -q 20 -O 1 -a AGATCGGAAGAGC /storage/brno12-cerit/home/duchmil/annotations/Odontarrhena_muralis_2025_10/rnaseq/1_raw_reads/XO467_S_1.fq.gz
Processing reads on 4 cores in single-end mode ...
Finished in 140.78 s (7 us/read; 8.27 M reads/minute).

=== Summary ===

Total reads processed:              19,414,723
Reads with adapters:                 7,047,002 (36.3%)
Reads written (passing filters):    19,414,723 (100.0%)

Total basepairs processed: 2,912,208,450 bp
Quality-trimmed:               3,844,538 bp (0.1%)
Total written (filtered):  2,890,626,877 bp (99.3%)

=== Adapter 1 ===

Sequence: AGATCGGAAGAGC; Type: regular 3'; Length: 13; Trimmed: 7047002 times.

No. of allowed errors:
0-9 bp: 0; 10-13 bp: 1

Bases preceding removed adapters:
  A: 33.8%
  C: 26.6%
  G: 23.5%
  T: 16.2%
  none/other: 0.0%

Overview of removed sequences
length	count	expect	max.err	error counts
1	4841617	4853680.8	0	4841617
2	1322714	1213420.2	0	1322714
3	487226	303355.0	0	487226
4	121661	75838.8	0	121661
5	37758	18959.7	0	37758
6	10296	4739.9	0	10296
7	6888	1185.0	0	6888
8	6443	296.2	0	6443
9	6705	74.1	0	5809 896
10	6694	18.5	1	5336 1358
11	6356	4.6	1	5433 923
12	5560	1.2	1	5123 437
13	5253	0.3	1	4972 281
14	5244	0.3	1	4946 298
15	4922	0.3	1	4680 242
16	4769	0.3	1	4516 253
17	5144	0.3	1	4826 318
18	4491	0.3	1	4288 203
19	4435	0.3	1	4207 228
20	4475	0.3	1	4209 266
21	4352	0.3	1	4142 210
22	4237	0.3	1	4018 219
23	4120	0.3	1	3919 201
24	4151	0.3	1	3895 256
25	3851	0.3	1	3642 209
26	3814	0.3	1	3634 180
27	3872	0.3	1	3642 230
28	3557	0.3	1	3353 204
29	3849	0.3	1	3598 251
30	3308	0.3	1	3180 128
31	3246	0.3	1	3106 140
32	3256	0.3	1	3121 135
33	3274	0.3	1	3099 175
34	3157	0.3	1	2995 162
35	3122	0.3	1	2906 216
36	3112	0.3	1	2914 198
37	2751	0.3	1	2618 133
38	2917	0.3	1	2735 182
39	2876	0.3	1	2659 217
40	2666	0.3	1	2532 134
41	2489	0.3	1	2375 114
42	2546	0.3	1	2412 134
43	2651	0.3	1	2453 198
44	2575	0.3	1	2437 138
45	2643	0.3	1	2453 190
46	2235	0.3	1	2083 152
47	3801	0.3	1	3673 128
48	1025	0.3	1	899 126
49	1986	0.3	1	1839 147
50	2608	0.3	1	2466 142
51	2011	0.3	1	1889 122
52	1611	0.3	1	1474 137
53	2329	0.3	1	2221 108
54	1704	0.3	1	1611 93
55	1534	0.3	1	1453 81
56	1904	0.3	1	1773 131
57	2368	0.3	1	2289 79
58	1636	0.3	1	1533 103
59	2087	0.3	1	1966 121
60	1642	0.3	1	1478 164
61	1821	0.3	1	1726 95
62	1155	0.3	1	1076 79
63	887	0.3	1	795 92
64	1973	0.3	1	1888 85
65	1719	0.3	1	1628 91
66	927	0.3	1	874 53
67	1026	0.3	1	913 113
68	2968	0.3	1	2905 63
69	891	0.3	1	799 92
70	1566	0.3	1	1497 69
71	714	0.3	1	648 66
72	513	0.3	1	443 70
73	105	0.3	1	50 55
74	249	0.3	1	199 50
75	544	0.3	1	496 48
76	682	0.3	1	632 50
77	786	0.3	1	712 74
78	784	0.3	1	729 55
79	830	0.3	1	765 65
80	721	0.3	1	658 63
81	757	0.3	1	698 59
82	730	0.3	1	665 65
83	725	0.3	1	654 71
84	726	0.3	1	596 130
85	627	0.3	1	573 54
86	572	0.3	1	502 70
87	555	0.3	1	479 76
88	607	0.3	1	513 94
89	589	0.3	1	519 70
90	558	0.3	1	482 76
91	603	0.3	1	533 70
92	612	0.3	1	527 85
93	525	0.3	1	480 45
94	469	0.3	1	412 57
95	356	0.3	1	314 42
96	422	0.3	1	360 62
97	350	0.3	1	311 39
98	353	0.3	1	300 53
99	338	0.3	1	265 73
100	370	0.3	1	304 66
101	311	0.3	1	260 51
102	302	0.3	1	252 50
103	327	0.3	1	205 122
104	200	0.3	1	154 46
105	159	0.3	1	129 30
106	153	0.3	1	103 50
107	146	0.3	1	100 46
108	96	0.3	1	80 16
109	110	0.3	1	69 41
110	110	0.3	1	58 52
111	106	0.3	1	49 57
112	85	0.3	1	34 51
113	81	0.3	1	37 44
114	79	0.3	1	25 54
115	86	0.3	1	27 59
116	66	0.3	1	14 52
117	63	0.3	1	15 48
118	72	0.3	1	8 64
119	46	0.3	1	12 34
120	48	0.3	1	7 41
121	36	0.3	1	4 32
122	51	0.3	1	6 45
123	32	0.3	1	2 30
124	29	0.3	1	2 27
125	59	0.3	1	3 56
126	29	0.3	1	2 27
127	34	0.3	1	2 32
128	40	0.3	1	2 38
129	58	0.3	1	4 54
130	26	0.3	1	2 24
131	37	0.3	1	3 34
132	36	0.3	1	2 34
133	31	0.3	1	3 28
134	45	0.3	1	3 42
135	43	0.3	1	3 40
136	40	0.3	1	0 40
137	41	0.3	1	1 40
138	34	0.3	1	0 34
139	32	0.3	1	4 28
140	35	0.3	1	0 35
141	65	0.3	1	2 63
142	38	0.3	1	1 37
143	27	0.3	1	1 26
144	17	0.3	1	0 17
145	23	0.3	1	0 23
146	16	0.3	1	1 15
147	88	0.3	1	4 84
148	43	0.3	1	4 39
149	22	0.3	1	1 21
150	20	0.3	1	0 20

RUN STATISTICS FOR INPUT FILE: /storage/brno12-cerit/home/duchmil/annotations/Odontarrhena_muralis_2025_10/rnaseq/1_raw_reads/XO467_S_1.fq.gz
=============================================
19414723 sequences processed in total

