
SUMMARISING RUN PARAMETERS
==========================
Input filename: /storage/brno12-cerit/home/duchmil/annotations/Odontarrhena_muralis_2025_10/rnaseq/1_raw_reads/XO467_OL_1.fq.gz
Trimming mode: paired-end
Trim Galore version: 0.6.2
Cutadapt version: 2.3
Python version: 3.4.1
Number of cores used for trimming: 4
Quality Phred score cutoff: 20
Quality encoding type selected: ASCII+33
Adapter sequence: 'AGATCGGAAGAGC' (Illumina TruSeq, Sanger iPCR; auto-detected)
Maximum trimming error rate: 0.1 (default)
Minimum required adapter overlap (stringency): 1 bp
Minimum required sequence length for both reads before a sequence pair gets removed: 20 bp
Output file will be GZIP compressed


This is cutadapt 2.3 with Python 3.4.1
Command line parameters: -j 4 -e 0.1 -q 20 -O 1 -a AGATCGGAAGAGC /storage/brno12-cerit/home/duchmil/annotations/Odontarrhena_muralis_2025_10/rnaseq/1_raw_reads/XO467_OL_1.fq.gz
Processing reads on 4 cores in single-end mode ...
Finished in 155.84 s (7 us/read; 8.32 M reads/minute).

=== Summary ===

Total reads processed:              21,610,522
Reads with adapters:                 8,094,005 (37.5%)
Reads written (passing filters):    21,610,522 (100.0%)

Total basepairs processed: 3,241,578,300 bp
Quality-trimmed:               5,083,844 bp (0.2%)
Total written (filtered):  3,202,813,975 bp (98.8%)

=== Adapter 1 ===

Sequence: AGATCGGAAGAGC; Type: regular 3'; Length: 13; Trimmed: 8094005 times.

No. of allowed errors:
0-9 bp: 0; 10-13 bp: 1

Bases preceding removed adapters:
  A: 33.0%
  C: 26.9%
  G: 23.8%
  T: 16.3%
  none/other: 0.0%

Overview of removed sequences
length	count	expect	max.err	error counts
1	5305928	5402630.5	0	5305928
2	1435868	1350657.6	0	1435868
3	536570	337664.4	0	536570
4	140199	84416.1	0	140199
5	48846	21104.0	0	48846
6	19297	5276.0	0	19297
7	15530	1319.0	0	15530
8	14921	329.8	0	14921
9	15039	82.4	0	14025 1014
10	14341	20.6	1	12774 1567
11	14598	5.2	1	13221 1377
12	13307	1.3	1	12608 699
13	12495	0.3	1	11966 529
14	12799	0.3	1	12176 623
15	12292	0.3	1	11824 468
16	12402	0.3	1	11808 594
17	12544	0.3	1	11960 584
18	11773	0.3	1	11336 437
19	11050	0.3	1	10618 432
20	11246	0.3	1	10759 487
21	10966	0.3	1	10501 465
22	10791	0.3	1	10355 436
23	10840	0.3	1	10359 481
24	10870	0.3	1	10319 551
25	10352	0.3	1	9982 370
26	9751	0.3	1	9364 387
27	9880	0.3	1	9490 390
28	9707	0.3	1	9323 384
29	10106	0.3	1	9621 485
30	9129	0.3	1	8849 280
31	9111	0.3	1	8781 330
32	8843	0.3	1	8464 379
33	8944	0.3	1	8496 448
34	8836	0.3	1	8405 431
35	8008	0.3	1	7699 309
36	8369	0.3	1	7976 393
37	8109	0.3	1	7809 300
38	8604	0.3	1	8243 361
39	7597	0.3	1	7191 406
40	7960	0.3	1	7622 338
41	7289	0.3	1	7040 249
42	8080	0.3	1	7755 325
43	7076	0.3	1	6697 379
44	6847	0.3	1	6592 255
45	6934	0.3	1	6522 412
46	6882	0.3	1	6536 346
47	10405	0.3	1	10124 281
48	2877	0.3	1	2681 196
49	5611	0.3	1	5342 269
50	6294	0.3	1	6025 269
51	5925	0.3	1	5687 238
52	5404	0.3	1	5105 299
53	6235	0.3	1	5942 293
54	5410	0.3	1	5227 183
55	5184	0.3	1	5003 181
56	5395	0.3	1	5140 255
57	6026	0.3	1	5796 230
58	4974	0.3	1	4738 236
59	5933	0.3	1	5705 228
60	5289	0.3	1	5069 220
61	4723	0.3	1	4509 214
62	4299	0.3	1	4157 142
63	3112	0.3	1	2938 174
64	5323	0.3	1	5112 211
65	5372	0.3	1	5196 176
66	3589	0.3	1	3460 129
67	3142	0.3	1	2925 217
68	8454	0.3	1	8227 227
69	4301	0.3	1	4100 201
70	6664	0.3	1	6510 154
71	2082	0.3	1	1963 119
72	1224	0.3	1	1120 104
73	276	0.3	1	216 60
74	796	0.3	1	733 63
75	1903	0.3	1	1825 78
76	2409	0.3	1	2310 99
77	2612	0.3	1	2475 137
78	2688	0.3	1	2564 124
79	2673	0.3	1	2532 141
80	2568	0.3	1	2450 118
81	2533	0.3	1	2419 114
82	2359	0.3	1	2226 133
83	2263	0.3	1	2159 104
84	2231	0.3	1	2055 176
85	2148	0.3	1	2066 82
86	1975	0.3	1	1884 91
87	2023	0.3	1	1905 118
88	1856	0.3	1	1760 96
89	1935	0.3	1	1821 114
90	1925	0.3	1	1812 113
91	1841	0.3	1	1721 120
92	1765	0.3	1	1644 121
93	1713	0.3	1	1649 64
94	1499	0.3	1	1401 98
95	1339	0.3	1	1271 68
96	1222	0.3	1	1152 70
97	1175	0.3	1	1094 81
98	1117	0.3	1	1031 86
99	1140	0.3	1	1041 99
100	1057	0.3	1	970 87
101	1008	0.3	1	936 72
102	879	0.3	1	823 56
103	899	0.3	1	718 181
104	701	0.3	1	621 80
105	572	0.3	1	519 53
106	452	0.3	1	379 73
107	421	0.3	1	351 70
108	405	0.3	1	347 58
109	299	0.3	1	251 48
110	290	0.3	1	223 67
111	223	0.3	1	174 49
112	195	0.3	1	146 49
113	151	0.3	1	104 47
114	208	0.3	1	91 117
115	95	0.3	1	43 52
116	105	0.3	1	54 51
117	110	0.3	1	30 80
118	126	0.3	1	24 102
119	67	0.3	1	12 55
120	66	0.3	1	12 54
121	61	0.3	1	7 54
122	78	0.3	1	5 73
123	49	0.3	1	9 40
124	41	0.3	1	1 40
125	88	0.3	1	5 83
126	50	0.3	1	4 46
127	34	0.3	1	6 28
128	40	0.3	1	2 38
129	66	0.3	1	1 65
130	32	0.3	1	2 30
131	46	0.3	1	2 44
132	41	0.3	1	3 38
133	40	0.3	1	3 37
134	46	0.3	1	1 45
135	53	0.3	1	2 51
136	68	0.3	1	1 67
137	43	0.3	1	4 39
138	37	0.3	1	9 28
139	39	0.3	1	10 29
140	51	0.3	1	3 48
141	133	0.3	1	4 129
142	49	0.3	1	5 44
143	34	0.3	1	4 30
144	19	0.3	1	3 16
145	40	0.3	1	2 38
146	21	0.3	1	1 20
147	124	0.3	1	5 119
148	44	0.3	1	12 32
149	17	0.3	1	2 15
150	35	0.3	1	4 31

RUN STATISTICS FOR INPUT FILE: /storage/brno12-cerit/home/duchmil/annotations/Odontarrhena_muralis_2025_10/rnaseq/1_raw_reads/XO467_OL_1.fq.gz
=============================================
21610522 sequences processed in total

