
SUMMARISING RUN PARAMETERS
==========================
Input filename: /storage/brno12-cerit/home/duchmil/annotations/Odontarrhena_muralis_2025_10/rnaseq/1_raw_reads/XO467R_Macrogen_1.fastq.gz
Trimming mode: paired-end
Trim Galore version: 0.6.2
Cutadapt version: 2.3
Python version: 3.4.1
Number of cores used for trimming: 4
Quality Phred score cutoff: 20
Quality encoding type selected: ASCII+33
Adapter sequence: 'AGATCGGAAGAGC' (Illumina TruSeq, Sanger iPCR; auto-detected)
Maximum trimming error rate: 0.1 (default)
Minimum required adapter overlap (stringency): 1 bp
Minimum required sequence length for both reads before a sequence pair gets removed: 20 bp
Output file will be GZIP compressed


This is cutadapt 2.3 with Python 3.4.1
Command line parameters: -j 4 -e 0.1 -q 20 -O 1 -a AGATCGGAAGAGC /storage/brno12-cerit/home/duchmil/annotations/Odontarrhena_muralis_2025_10/rnaseq/1_raw_reads/XO467R_Macrogen_1.fastq.gz
Processing reads on 4 cores in single-end mode ...
Finished in 111.78 s (7 us/read; 8.93 M reads/minute).

=== Summary ===

Total reads processed:              16,641,544
Reads with adapters:                 6,907,588 (41.5%)
Reads written (passing filters):    16,641,544 (100.0%)

Total basepairs processed: 2,512,873,144 bp
Quality-trimmed:               3,453,759 bp (0.1%)
Total written (filtered):  2,463,673,386 bp (98.0%)

=== Adapter 1 ===

Sequence: AGATCGGAAGAGC; Type: regular 3'; Length: 13; Trimmed: 6907588 times.

No. of allowed errors:
0-9 bp: 0; 10-13 bp: 1

Bases preceding removed adapters:
  A: 27.4%
  C: 30.3%
  G: 25.2%
  T: 17.2%
  none/other: 0.0%

Overview of removed sequences
length	count	expect	max.err	error counts
1	3636077	4160386.0	0	3636077
2	1034053	1040096.5	0	1034053
3	420027	260024.1	0	420027
4	147595	65006.0	0	147595
5	92696	16251.5	0	92696
6	70308	4062.9	0	70308
7	65893	1015.7	0	65893
8	64859	253.9	0	64859
9	66758	63.5	0	66020 738
10	60410	15.9	1	58188 2222
11	59642	4.0	1	57727 1915
12	56289	1.0	1	54723 1566
13	55084	0.2	1	53507 1577
14	53566	0.2	1	52052 1514
15	52248	0.2	1	50700 1548
16	50253	0.2	1	48849 1404
17	49522	0.2	1	48084 1438
18	46200	0.2	1	44982 1218
19	44832	0.2	1	43626 1206
20	43551	0.2	1	42337 1214
21	42395	0.2	1	41260 1135
22	39199	0.2	1	38252 947
23	38360	0.2	1	37254 1106
24	36580	0.2	1	35557 1023
25	36239	0.2	1	35218 1021
26	31273	0.2	1	30436 837
27	31839	0.2	1	30947 892
28	31300	0.2	1	30385 915
29	29132	0.2	1	28383 749
30	27122	0.2	1	26482 640
31	26326	0.2	1	25614 712
32	25522	0.2	1	24684 838
33	22740	0.2	1	22157 583
34	23323	0.2	1	22616 707
35	20211	0.2	1	19688 523
36	19879	0.2	1	19306 573
37	18400	0.2	1	17964 436
38	17227	0.2	1	16776 451
39	16733	0.2	1	16284 449
40	15329	0.2	1	14946 383
41	13042	0.2	1	12672 370
42	12599	0.2	1	12297 302
43	12442	0.2	1	12015 427
44	17383	0.2	1	16981 402
45	6886	0.2	1	6676 210
46	6401	0.2	1	6224 177
47	8476	0.2	1	8283 193
48	8097	0.2	1	7898 199
49	7545	0.2	1	7325 220
50	7000	0.2	1	6828 172
51	6440	0.2	1	6273 167
52	6202	0.2	1	6012 190
53	5953	0.2	1	5789 164
54	5148	0.2	1	4989 159
55	5285	0.2	1	5135 150
56	6283	0.2	1	6121 162
57	6314	0.2	1	6167 147
58	5073	0.2	1	4938 135
59	2914	0.2	1	2802 112
60	1858	0.2	1	1742 116
61	1136	0.2	1	1034 102
62	1207	0.2	1	1154 53
63	1093	0.2	1	1039 54
64	841	0.2	1	790 51
65	521	0.2	1	477 44
66	510	0.2	1	470 40
67	672	0.2	1	633 39
68	843	0.2	1	796 47
69	844	0.2	1	816 28
70	800	0.2	1	747 53
71	668	0.2	1	626 42
72	652	0.2	1	614 38
73	608	0.2	1	574 34
74	586	0.2	1	552 34
75	535	0.2	1	522 13
76	483	0.2	1	454 29
77	490	0.2	1	459 31
78	448	0.2	1	408 40
79	458	0.2	1	424 34
80	367	0.2	1	341 26
81	352	0.2	1	298 54
82	292	0.2	1	255 37
83	284	0.2	1	263 21
84	325	0.2	1	240 85
85	266	0.2	1	213 53
86	216	0.2	1	198 18
87	212	0.2	1	167 45
88	198	0.2	1	173 25
89	168	0.2	1	150 18
90	162	0.2	1	140 22
91	145	0.2	1	117 28
92	121	0.2	1	106 15
93	135	0.2	1	103 32
94	115	0.2	1	98 17
95	94	0.2	1	79 15
96	94	0.2	1	71 23
97	93	0.2	1	68 25
98	87	0.2	1	57 30
99	216	0.2	1	56 160
100	80	0.2	1	49 31
101	114	0.2	1	64 50
102	64	0.2	1	40 24
103	72	0.2	1	43 29
104	97	0.2	1	52 45
105	70	0.2	1	45 25
106	55	0.2	1	37 18
107	56	0.2	1	31 25
108	46	0.2	1	34 12
109	30	0.2	1	21 9
110	35	0.2	1	16 19
111	47	0.2	1	21 26
112	30	0.2	1	14 16
113	31	0.2	1	9 22
114	28	0.2	1	9 19
115	42	0.2	1	9 33
116	25	0.2	1	9 16
117	41	0.2	1	12 29
118	51	0.2	1	9 42
119	37	0.2	1	8 29
120	27	0.2	1	11 16
121	21	0.2	1	3 18
122	19	0.2	1	1 18
123	33	0.2	1	4 29
124	27	0.2	1	3 24
125	21	0.2	1	1 20
126	24	0.2	1	2 22
127	35	0.2	1	3 32
128	27	0.2	1	4 23
129	16	0.2	1	0 16
130	20	0.2	1	3 17
131	13	0.2	1	2 11
132	25	0.2	1	2 23
133	15	0.2	1	1 14
134	14	0.2	1	3 11
135	18	0.2	1	2 16
136	30	0.2	1	0 30
137	21	0.2	1	0 21
138	34	0.2	1	1 33
139	33	0.2	1	2 31
140	18	0.2	1	0 18
141	16	0.2	1	1 15
142	29	0.2	1	1 28
143	8	0.2	1	2 6
144	13	0.2	1	0 13
145	12	0.2	1	1 11
146	15	0.2	1	0 15
147	17	0.2	1	0 17
148	34	0.2	1	0 34
149	19	0.2	1	0 19
150	61	0.2	1	0 61
151	18152	0.2	1	1 18151

RUN STATISTICS FOR INPUT FILE: /storage/brno12-cerit/home/duchmil/annotations/Odontarrhena_muralis_2025_10/rnaseq/1_raw_reads/XO467R_Macrogen_1.fastq.gz
=============================================
16641544 sequences processed in total

