
SUMMARISING RUN PARAMETERS
==========================
Input filename: /storage/brno12-cerit/home/duchmil/annotations/Odontarrhena_muralis_2025_10/rnaseq/1_raw_reads/XO467_YL_1.fq.gz
Trimming mode: paired-end
Trim Galore version: 0.6.2
Cutadapt version: 2.3
Python version: 3.4.1
Number of cores used for trimming: 4
Quality Phred score cutoff: 20
Quality encoding type selected: ASCII+33
Adapter sequence: 'AGATCGGAAGAGC' (Illumina TruSeq, Sanger iPCR; auto-detected)
Maximum trimming error rate: 0.1 (default)
Minimum required adapter overlap (stringency): 1 bp
Minimum required sequence length for both reads before a sequence pair gets removed: 20 bp
Output file will be GZIP compressed


This is cutadapt 2.3 with Python 3.4.1
Command line parameters: -j 4 -e 0.1 -q 20 -O 1 -a AGATCGGAAGAGC /storage/brno12-cerit/home/duchmil/annotations/Odontarrhena_muralis_2025_10/rnaseq/1_raw_reads/XO467_YL_1.fq.gz
Processing reads on 4 cores in single-end mode ...
Finished in 139.31 s (7 us/read; 8.19 M reads/minute).

=== Summary ===

Total reads processed:              19,010,625
Reads with adapters:                 7,012,561 (36.9%)
Reads written (passing filters):    19,010,625 (100.0%)

Total basepairs processed: 2,851,593,750 bp
Quality-trimmed:               4,954,487 bp (0.2%)
Total written (filtered):  2,824,474,323 bp (99.0%)

=== Adapter 1 ===

Sequence: AGATCGGAAGAGC; Type: regular 3'; Length: 13; Trimmed: 7012561 times.

No. of allowed errors:
0-9 bp: 0; 10-13 bp: 1

Bases preceding removed adapters:
  A: 33.6%
  C: 26.4%
  G: 23.8%
  T: 16.2%
  none/other: 0.0%

Overview of removed sequences
length	count	expect	max.err	error counts
1	4710018	4752656.2	0	4710018
2	1277200	1188164.1	0	1277200
3	473206	297041.0	0	473206
4	120903	74260.3	0	120903
5	40805	18565.1	0	40805
6	15410	4641.3	0	15410
7	11766	1160.3	0	11766
8	11051	290.1	0	11051
9	11215	72.5	0	10323 892
10	10698	18.1	1	9400 1298
11	10700	4.5	1	9550 1150
12	9346	1.1	1	8753 593
13	8972	0.3	1	8533 439
14	8842	0.3	1	8364 478
15	8265	0.3	1	7912 353
16	8579	0.3	1	8087 492
17	8522	0.3	1	8067 455
18	7795	0.3	1	7479 316
19	7277	0.3	1	6914 363
20	7708	0.3	1	7338 370
21	7314	0.3	1	6991 323
22	6982	0.3	1	6669 313
23	6879	0.3	1	6560 319
24	6962	0.3	1	6579 383
25	6495	0.3	1	6189 306
26	6146	0.3	1	5883 263
27	6153	0.3	1	5829 324
28	6041	0.3	1	5802 239
29	6420	0.3	1	6063 357
30	5591	0.3	1	5347 244
31	5303	0.3	1	5055 248
32	5390	0.3	1	5189 201
33	5286	0.3	1	5030 256
34	5388	0.3	1	5156 232
35	5011	0.3	1	4739 272
36	5234	0.3	1	4915 319
37	4999	0.3	1	4776 223
38	5419	0.3	1	5185 234
39	4101	0.3	1	3825 276
40	4213	0.3	1	4015 198
41	4655	0.3	1	4417 238
42	4409	0.3	1	4158 251
43	4064	0.3	1	3881 183
44	4376	0.3	1	4154 222
45	4298	0.3	1	3998 300
46	4384	0.3	1	4038 346
47	7963	0.3	1	7672 291
48	1982	0.3	1	1782 200
49	4318	0.3	1	3658 660
50	28730	0.3	1	28155 575
51	11200	0.3	1	11004 196
52	1022	0.3	1	810 212
53	6348	0.3	1	6213 135
54	3314	0.3	1	3208 106
55	348	0.3	1	297 51
56	932	0.3	1	853 79
57	1584	0.3	1	1515 69
58	655	0.3	1	591 64
59	223	0.3	1	159 64
60	275	0.3	1	165 110
61	650	0.3	1	586 64
62	141	0.3	1	60 81
63	229	0.3	1	166 63
64	1169	0.3	1	1105 64
65	286	0.3	1	231 55
66	269	0.3	1	215 54
67	455	0.3	1	377 78
68	1166	0.3	1	1099 67
69	235	0.3	1	160 75
70	197	0.3	1	147 50
71	275	0.3	1	214 61
72	284	0.3	1	236 48
73	101	0.3	1	49 52
74	68	0.3	1	38 30
75	253	0.3	1	192 61
76	634	0.3	1	566 68
77	999	0.3	1	896 103
78	1070	0.3	1	1002 68
79	1286	0.3	1	1182 104
80	1288	0.3	1	1215 73
81	1285	0.3	1	1205 80
82	1186	0.3	1	1113 73
83	1156	0.3	1	1079 77
84	1201	0.3	1	1010 191
85	1017	0.3	1	953 64
86	988	0.3	1	910 78
87	902	0.3	1	824 78
88	949	0.3	1	885 64
89	947	0.3	1	847 100
90	894	0.3	1	831 63
91	1000	0.3	1	915 85
92	956	0.3	1	868 88
93	813	0.3	1	750 63
94	753	0.3	1	686 67
95	566	0.3	1	533 33
96	591	0.3	1	528 63
97	575	0.3	1	530 45
98	548	0.3	1	472 76
99	523	0.3	1	463 60
100	515	0.3	1	421 94
101	493	0.3	1	435 58
102	453	0.3	1	399 54
103	500	0.3	1	338 162
104	349	0.3	1	284 65
105	252	0.3	1	201 51
106	264	0.3	1	194 70
107	219	0.3	1	161 58
108	199	0.3	1	174 25
109	190	0.3	1	146 44
110	167	0.3	1	117 50
111	107	0.3	1	71 36
112	128	0.3	1	78 50
113	77	0.3	1	45 32
114	127	0.3	1	35 92
115	108	0.3	1	39 69
116	69	0.3	1	23 46
117	97	0.3	1	26 71
118	123	0.3	1	11 112
119	50	0.3	1	8 42
120	72	0.3	1	6 66
121	32	0.3	1	1 31
122	57	0.3	1	7 50
123	36	0.3	1	4 32
124	59	0.3	1	3 56
125	95	0.3	1	2 93
126	45	0.3	1	1 44
127	40	0.3	1	1 39
128	45	0.3	1	3 42
129	55	0.3	1	0 55
130	33	0.3	1	4 29
131	56	0.3	1	3 53
132	39	0.3	1	2 37
133	38	0.3	1	5 33
134	51	0.3	1	4 47
135	37	0.3	1	0 37
136	38	0.3	1	0 38
137	42	0.3	1	8 34
138	37	0.3	1	3 34
139	34	0.3	1	3 31
140	50	0.3	1	1 49
141	133	0.3	1	2 131
142	48	0.3	1	1 47
143	27	0.3	1	0 27
144	21	0.3	1	3 18
145	34	0.3	1	1 33
146	18	0.3	1	0 18
147	101	0.3	1	4 97
148	50	0.3	1	2 48
149	22	0.3	1	0 22
150	39	0.3	1	7 32

RUN STATISTICS FOR INPUT FILE: /storage/brno12-cerit/home/duchmil/annotations/Odontarrhena_muralis_2025_10/rnaseq/1_raw_reads/XO467_YL_1.fq.gz
=============================================
19010625 sequences processed in total

