
SUMMARISING RUN PARAMETERS
==========================
Input filename: /storage/brno12-cerit/home/duchmil/annotations/Odontarrhena_muralis_2025_10/rnaseq/1_raw_reads/XO467_R_1.fq.gz
Trimming mode: paired-end
Trim Galore version: 0.6.2
Cutadapt version: 2.3
Python version: 3.4.1
Number of cores used for trimming: 4
Quality Phred score cutoff: 20
Quality encoding type selected: ASCII+33
Adapter sequence: 'AGATCGGAAGAGC' (Illumina TruSeq, Sanger iPCR; auto-detected)
Maximum trimming error rate: 0.1 (default)
Minimum required adapter overlap (stringency): 1 bp
Minimum required sequence length for both reads before a sequence pair gets removed: 20 bp
Output file will be GZIP compressed


This is cutadapt 2.3 with Python 3.4.1
Command line parameters: -j 4 -e 0.1 -q 20 -O 1 -a AGATCGGAAGAGC /storage/brno12-cerit/home/duchmil/annotations/Odontarrhena_muralis_2025_10/rnaseq/1_raw_reads/XO467_R_1.fq.gz
Processing reads on 4 cores in single-end mode ...
Finished in 135.29 s (7 us/read; 8.32 M reads/minute).

=== Summary ===

Total reads processed:              18,760,402
Reads with adapters:                 6,872,103 (36.6%)
Reads written (passing filters):    18,760,402 (100.0%)

Total basepairs processed: 2,814,060,300 bp
Quality-trimmed:               4,785,365 bp (0.2%)
Total written (filtered):  2,788,675,657 bp (99.1%)

=== Adapter 1 ===

Sequence: AGATCGGAAGAGC; Type: regular 3'; Length: 13; Trimmed: 6872103 times.

No. of allowed errors:
0-9 bp: 0; 10-13 bp: 1

Bases preceding removed adapters:
  A: 33.6%
  C: 26.8%
  G: 23.6%
  T: 16.0%
  none/other: 0.0%

Overview of removed sequences
length	count	expect	max.err	error counts
1	4630846	4690100.5	0	4630846
2	1281163	1172525.1	0	1281163
3	472640	293131.3	0	472640
4	118465	73282.8	0	118465
5	38656	18320.7	0	38656
6	12785	4580.2	0	12785
7	10074	1145.0	0	10074
8	9703	286.3	0	9703
9	8006	71.6	0	7183 823
10	8797	17.9	1	7485 1312
11	8585	4.5	1	7486 1099
12	7928	1.1	1	7383 545
13	7475	0.3	1	7081 394
14	7154	0.3	1	6765 389
15	7190	0.3	1	6835 355
16	7237	0.3	1	6823 414
17	7237	0.3	1	6804 433
18	6541	0.3	1	6243 298
19	6157	0.3	1	5911 246
20	6406	0.3	1	6080 326
21	6209	0.3	1	5864 345
22	5786	0.3	1	5493 293
23	5821	0.3	1	5500 321
24	5930	0.3	1	5542 388
25	5592	0.3	1	5325 267
26	5443	0.3	1	5210 233
27	5447	0.3	1	5131 316
28	5066	0.3	1	4814 252
29	5350	0.3	1	5058 292
30	4837	0.3	1	4657 180
31	4479	0.3	1	4276 203
32	4680	0.3	1	4493 187
33	4683	0.3	1	4449 234
34	4426	0.3	1	4220 206
35	4752	0.3	1	4461 291
36	4055	0.3	1	3865 190
37	4324	0.3	1	4066 258
38	4142	0.3	1	3942 200
39	3831	0.3	1	3642 189
40	4253	0.3	1	4033 220
41	3717	0.3	1	3487 230
42	3640	0.3	1	3466 174
43	3600	0.3	1	3417 183
44	3611	0.3	1	3434 177
45	3749	0.3	1	3536 213
46	3284	0.3	1	3065 219
47	5255	0.3	1	5058 197
48	1929	0.3	1	1803 126
49	2257	0.3	1	2092 165
50	4377	0.3	1	4198 179
51	2464	0.3	1	2336 128
52	1977	0.3	1	1838 139
53	3165	0.3	1	3023 142
54	2149	0.3	1	2050 99
55	2355	0.3	1	2231 124
56	3447	0.3	1	3269 178
57	3349	0.3	1	3223 126
58	2453	0.3	1	2348 105
59	3118	0.3	1	2998 120
60	1876	0.3	1	1769 107
61	2856	0.3	1	2749 107
62	1409	0.3	1	1316 93
63	1044	0.3	1	974 70
64	3010	0.3	1	2904 106
65	2161	0.3	1	2076 85
66	1030	0.3	1	967 63
67	1456	0.3	1	1319 137
68	3905	0.3	1	3812 93
69	921	0.3	1	834 87
70	1901	0.3	1	1804 97
71	1062	0.3	1	987 75
72	833	0.3	1	767 66
73	85	0.3	1	52 33
74	262	0.3	1	213 49
75	725	0.3	1	667 58
76	1021	0.3	1	953 68
77	1057	0.3	1	1004 53
78	1153	0.3	1	1098 55
79	1184	0.3	1	1104 80
80	1113	0.3	1	1042 71
81	1134	0.3	1	1074 60
82	1051	0.3	1	994 57
83	981	0.3	1	911 70
84	976	0.3	1	876 100
85	913	0.3	1	857 56
86	905	0.3	1	801 104
87	890	0.3	1	824 66
88	816	0.3	1	761 55
89	808	0.3	1	752 56
90	885	0.3	1	818 67
91	864	0.3	1	808 56
92	812	0.3	1	715 97
93	753	0.3	1	705 48
94	663	0.3	1	617 46
95	559	0.3	1	510 49
96	580	0.3	1	514 66
97	535	0.3	1	480 55
98	530	0.3	1	476 54
99	486	0.3	1	429 57
100	449	0.3	1	401 48
101	426	0.3	1	382 44
102	415	0.3	1	373 42
103	411	0.3	1	321 90
104	315	0.3	1	278 37
105	241	0.3	1	218 23
106	224	0.3	1	166 58
107	234	0.3	1	173 61
108	150	0.3	1	126 24
109	142	0.3	1	103 39
110	150	0.3	1	112 38
111	121	0.3	1	85 36
112	98	0.3	1	61 37
113	104	0.3	1	59 45
114	90	0.3	1	29 61
115	63	0.3	1	37 26
116	51	0.3	1	25 26
117	66	0.3	1	27 39
118	57	0.3	1	8 49
119	40	0.3	1	16 24
120	32	0.3	1	12 20
121	40	0.3	1	11 29
122	32	0.3	1	8 24
123	29	0.3	1	3 26
124	34	0.3	1	3 31
125	50	0.3	1	5 45
126	33	0.3	1	1 32
127	39	0.3	1	5 34
128	28	0.3	1	4 24
129	35	0.3	1	2 33
130	29	0.3	1	1 28
131	35	0.3	1	3 32
132	27	0.3	1	1 26
133	32	0.3	1	2 30
134	29	0.3	1	5 24
135	41	0.3	1	2 39
136	35	0.3	1	0 35
137	43	0.3	1	5 38
138	31	0.3	1	3 28
139	28	0.3	1	2 26
140	33	0.3	1	2 31
141	60	0.3	1	3 57
142	25	0.3	1	1 24
143	25	0.3	1	6 19
144	13	0.3	1	4 9
145	19	0.3	1	2 17
146	9	0.3	1	2 7
147	84	0.3	1	12 72
148	11	0.3	1	0 11
149	15	0.3	1	2 13
150	28	0.3	1	2 26

RUN STATISTICS FOR INPUT FILE: /storage/brno12-cerit/home/duchmil/annotations/Odontarrhena_muralis_2025_10/rnaseq/1_raw_reads/XO467_R_1.fq.gz
=============================================
18760402 sequences processed in total

