
SUMMARISING RUN PARAMETERS
==========================
Input filename: /storage/brno12-cerit/home/duchmil/annotations/Odontarrhena_muralis_2025_10/rnaseq/1_raw_reads/XO772_F_MKRN250017683-1A_22VTVNLT4_L4_1.fq.gz
Trimming mode: paired-end
Trim Galore version: 0.6.2
Cutadapt version: 2.3
Python version: 3.4.1
Number of cores used for trimming: 4
Quality Phred score cutoff: 20
Quality encoding type selected: ASCII+33
Adapter sequence: 'AGATCGGAAGAGC' (Illumina TruSeq, Sanger iPCR; auto-detected)
Maximum trimming error rate: 0.1 (default)
Minimum required adapter overlap (stringency): 1 bp
Minimum required sequence length for both reads before a sequence pair gets removed: 20 bp
Output file will be GZIP compressed


This is cutadapt 2.3 with Python 3.4.1
Command line parameters: -j 4 -e 0.1 -q 20 -O 1 -a AGATCGGAAGAGC /storage/brno12-cerit/home/duchmil/annotations/Odontarrhena_muralis_2025_10/rnaseq/1_raw_reads/XO772_F_MKRN250017683-1A_22VTVNLT4_L4_1.fq.gz
Processing reads on 4 cores in single-end mode ...
Finished in 237.17 s (7 us/read; 9.03 M reads/minute).

=== Summary ===

Total reads processed:              35,701,983
Reads with adapters:                12,621,641 (35.4%)
Reads written (passing filters):    35,701,983 (100.0%)

Total basepairs processed: 5,355,297,450 bp
Quality-trimmed:               3,094,564 bp (0.1%)
Total written (filtered):  5,319,360,905 bp (99.3%)

=== Adapter 1 ===

Sequence: AGATCGGAAGAGC; Type: regular 3'; Length: 13; Trimmed: 12621641 times.

No. of allowed errors:
0-9 bp: 0; 10-13 bp: 1

Bases preceding removed adapters:
  A: 32.6%
  C: 26.5%
  G: 23.8%
  T: 17.1%
  none/other: 0.0%

Overview of removed sequences
length	count	expect	max.err	error counts
1	8661717	8925495.8	0	8661717
2	2392843	2231373.9	0	2392843
3	793029	557843.5	0	793029
4	196564	139460.9	0	196564
5	63869	34865.2	0	63869
6	21638	8716.3	0	21638
7	16002	2179.1	0	16002
8	14274	544.8	0	14274
9	15076	136.2	0	13698 1378
10	15394	34.0	1	13258 2136
11	13510	8.5	1	12656 854
12	12973	2.1	1	12460 513
13	12453	0.5	1	12173 280
14	12177	0.5	1	11864 313
15	11974	0.5	1	11661 313
16	11957	0.5	1	11648 309
17	11578	0.5	1	11310 268
18	11056	0.5	1	10751 305
19	10897	0.5	1	10540 357
20	10642	0.5	1	10354 288
21	10546	0.5	1	10262 284
22	10159	0.5	1	9867 292
23	10100	0.5	1	9855 245
24	9833	0.5	1	9624 209
25	9405	0.5	1	9141 264
26	9565	0.5	1	9322 243
27	9363	0.5	1	9109 254
28	8992	0.5	1	8795 197
29	8438	0.5	1	8190 248
30	8464	0.5	1	8263 201
31	8236	0.5	1	8039 197
32	8027	0.5	1	7787 240
33	7727	0.5	1	7509 218
34	7498	0.5	1	7238 260
35	7423	0.5	1	7194 229
36	7094	0.5	1	6928 166
37	7049	0.5	1	6796 253
38	6955	0.5	1	6791 164
39	6496	0.5	1	6284 212
40	6384	0.5	1	6242 142
41	5871	0.5	1	5707 164
42	5858	0.5	1	5671 187
43	5601	0.5	1	5423 178
44	5471	0.5	1	5305 166
45	5483	0.5	1	5329 154
46	6273	0.5	1	6068 205
47	4459	0.5	1	4315 144
48	5184	0.5	1	5017 167
49	4111	0.5	1	3967 144
50	4764	0.5	1	4629 135
51	5654	0.5	1	5476 178
52	7970	0.5	1	7680 290
53	4059	0.5	1	3945 114
54	12644	0.5	1	12413 231
55	16364	0.5	1	16121 243
56	1752	0.5	1	1672 80
57	3961	0.5	1	3836 125
58	3243	0.5	1	3116 127
59	1902	0.5	1	1815 87
60	743	0.5	1	568 175
61	854	0.5	1	754 100
62	443	0.5	1	372 71
63	883	0.5	1	699 184
64	237	0.5	1	131 106
65	124	0.5	1	89 35
66	372	0.5	1	292 80
67	1083	0.5	1	1016 67
68	411	0.5	1	256 155
69	156	0.5	1	83 73
70	226	0.5	1	97 129
71	184	0.5	1	110 74
72	211	0.5	1	143 68
73	227	0.5	1	180 47
74	312	0.5	1	252 60
75	615	0.5	1	530 85
76	950	0.5	1	866 84
77	1138	0.5	1	1051 87
78	1146	0.5	1	1068 78
79	1099	0.5	1	1041 58
80	1119	0.5	1	1045 74
81	985	0.5	1	920 65
82	1029	0.5	1	951 78
83	903	0.5	1	803 100
84	1004	0.5	1	777 227
85	822	0.5	1	767 55
86	858	0.5	1	765 93
87	791	0.5	1	738 53
88	825	0.5	1	750 75
89	852	0.5	1	757 95
90	786	0.5	1	708 78
91	787	0.5	1	703 84
92	725	0.5	1	609 116
93	659	0.5	1	604 55
94	571	0.5	1	517 54
95	896	0.5	1	513 383
96	633	0.5	1	505 128
97	500	0.5	1	459 41
98	518	0.5	1	416 102
99	467	0.5	1	406 61
100	568	0.5	1	381 187
101	430	0.5	1	335 95
102	412	0.5	1	321 91
103	519	0.5	1	280 239
104	296	0.5	1	213 83
105	218	0.5	1	169 49
106	221	0.5	1	159 62
107	217	0.5	1	165 52
108	207	0.5	1	149 58
109	154	0.5	1	108 46
110	210	0.5	1	76 134
111	138	0.5	1	82 56
112	119	0.5	1	66 53
113	105	0.5	1	57 48
114	228	0.5	1	38 190
115	93	0.5	1	29 64
116	78	0.5	1	20 58
117	108	0.5	1	14 94
118	103	0.5	1	11 92
119	80	0.5	1	12 68
120	85	0.5	1	14 71
121	52	0.5	1	9 43
122	38	0.5	1	7 31
123	32	0.5	1	6 26
124	58	0.5	1	7 51
125	78	0.5	1	5 73
126	123	0.5	1	3 120
127	33	0.5	1	1 32
128	35	0.5	1	1 34
129	50	0.5	1	3 47
130	60	0.5	1	3 57
131	42	0.5	1	3 39
132	100	0.5	1	8 92
133	51	0.5	1	3 48
134	67	0.5	1	3 64
135	58	0.5	1	3 55
136	49	0.5	1	2 47
137	94	0.5	1	4 90
138	53	0.5	1	2 51
139	78	0.5	1	4 74
140	77	0.5	1	3 74
141	143	0.5	1	3 140
142	54	0.5	1	1 53
143	42	0.5	1	4 38
144	12	0.5	1	0 12
145	30	0.5	1	2 28
146	21	0.5	1	1 20
147	140	0.5	1	6 134
148	50	0.5	1	3 47
149	24	0.5	1	4 20
150	163	0.5	1	39 124

RUN STATISTICS FOR INPUT FILE: /storage/brno12-cerit/home/duchmil/annotations/Odontarrhena_muralis_2025_10/rnaseq/1_raw_reads/XO772_F_MKRN250017683-1A_22VTVNLT4_L4_1.fq.gz
=============================================
35701983 sequences processed in total

