
SUMMARISING RUN PARAMETERS
==========================
Input filename: /storage/brno12-cerit/home/duchmil/annotations/Aethionema_saxatile_2025_06/rnaseq/1_raw_reads/XA472L_Macrogen_1.fastq.gz
Trimming mode: paired-end
Trim Galore version: 0.6.2
Cutadapt version: 2.3
Python version: 3.4.1
Number of cores used for trimming: 4
Quality Phred score cutoff: 20
Quality encoding type selected: ASCII+33
Adapter sequence: 'AGATCGGAAGAGC' (Illumina TruSeq, Sanger iPCR; auto-detected)
Maximum trimming error rate: 0.1 (default)
Minimum required adapter overlap (stringency): 1 bp
Minimum required sequence length for both reads before a sequence pair gets removed: 20 bp
Output file will be GZIP compressed


This is cutadapt 2.3 with Python 3.4.1
Command line parameters: -j 4 -e 0.1 -q 20 -O 1 -a AGATCGGAAGAGC /storage/brno12-cerit/home/duchmil/annotations/Aethionema_saxatile_2025_06/rnaseq/1_raw_reads/XA472L_Macrogen_1.fastq.gz
Processing reads on 4 cores in single-end mode ...
Finished in 121.68 s (7 us/read; 9.19 M reads/minute).

=== Summary ===

Total reads processed:              18,637,074
Reads with adapters:                 7,709,946 (41.4%)
Reads written (passing filters):    18,637,074 (100.0%)

Total basepairs processed: 2,814,198,174 bp
Quality-trimmed:               3,988,346 bp (0.1%)
Total written (filtered):  2,756,676,571 bp (98.0%)

=== Adapter 1 ===

Sequence: AGATCGGAAGAGC; Type: regular 3'; Length: 13; Trimmed: 7709946 times.

No. of allowed errors:
0-9 bp: 0; 10-13 bp: 1

Bases preceding removed adapters:
  A: 26.3%
  C: 30.4%
  G: 24.9%
  T: 18.4%
  none/other: 0.0%

Overview of removed sequences
length	count	expect	max.err	error counts
1	3957224	4659268.5	0	3957224
2	1080949	1164817.1	0	1080949
3	423269	291204.3	0	423269
4	169107	72801.1	0	169107
5	111740	18200.3	0	111740
6	89790	4550.1	0	89790
7	85152	1137.5	0	85152
8	83451	284.4	0	83451
9	84330	71.1	0	83722 608
10	77587	17.8	1	75394 2193
11	75987	4.4	1	73818 2169
12	73456	1.1	1	71610 1846
13	70291	0.3	1	68496 1795
14	68401	0.3	1	66584 1817
15	67393	0.3	1	65496 1897
16	63951	0.3	1	62373 1578
17	65228	0.3	1	63402 1826
18	59614	0.3	1	58213 1401
19	57348	0.3	1	55950 1398
20	56445	0.3	1	54991 1454
21	54207	0.3	1	52807 1400
22	49754	0.3	1	48604 1150
23	49116	0.3	1	47906 1210
24	47207	0.3	1	46012 1195
25	45007	0.3	1	43901 1106
26	39964	0.3	1	38983 981
27	40045	0.3	1	38911 1134
28	38878	0.3	1	37816 1062
29	36309	0.3	1	35437 872
30	33049	0.3	1	32319 730
31	32094	0.3	1	31329 765
32	31309	0.3	1	30506 803
33	28446	0.3	1	27770 676
34	27865	0.3	1	27123 742
35	23453	0.3	1	22907 546
36	24480	0.3	1	23869 611
37	21412	0.3	1	20883 529
38	20620	0.3	1	20056 564
39	19170	0.3	1	18506 664
40	18842	0.3	1	18322 520
41	15211	0.3	1	14794 417
42	15530	0.3	1	15146 384
43	15295	0.3	1	14829 466
44	19788	0.3	1	19358 430
45	9653	0.3	1	9429 224
46	7021	0.3	1	6846 175
47	8553	0.3	1	8317 236
48	9136	0.3	1	8927 209
49	8246	0.3	1	7959 287
50	8078	0.3	1	7866 212
51	7277	0.3	1	7033 244
52	7178	0.3	1	6932 246
53	6955	0.3	1	6708 247
54	6055	0.3	1	5888 167
55	6340	0.3	1	6170 170
56	7769	0.3	1	7564 205
57	7464	0.3	1	7321 143
58	5180	0.3	1	5078 102
59	2557	0.3	1	2491 66
60	1523	0.3	1	1469 54
61	950	0.3	1	881 69
62	1051	0.3	1	902 149
63	967	0.3	1	915 52
64	702	0.3	1	606 96
65	482	0.3	1	402 80
66	420	0.3	1	368 52
67	560	0.3	1	509 51
68	757	0.3	1	705 52
69	886	0.3	1	826 60
70	805	0.3	1	739 66
71	680	0.3	1	651 29
72	680	0.3	1	643 37
73	575	0.3	1	531 44
74	695	0.3	1	553 142
75	654	0.3	1	549 105
76	570	0.3	1	465 105
77	464	0.3	1	390 74
78	449	0.3	1	410 39
79	430	0.3	1	397 33
80	390	0.3	1	337 53
81	358	0.3	1	327 31
82	356	0.3	1	251 105
83	290	0.3	1	240 50
84	263	0.3	1	217 46
85	239	0.3	1	191 48
86	246	0.3	1	191 55
87	217	0.3	1	178 39
88	217	0.3	1	175 42
89	170	0.3	1	142 28
90	178	0.3	1	119 59
91	141	0.3	1	112 29
92	172	0.3	1	96 76
93	165	0.3	1	113 52
94	137	0.3	1	77 60
95	126	0.3	1	71 55
96	114	0.3	1	54 60
97	230	0.3	1	63 167
98	242	0.3	1	53 189
99	170	0.3	1	82 88
100	147	0.3	1	41 106
101	131	0.3	1	44 87
102	80	0.3	1	47 33
103	92	0.3	1	47 45
104	78	0.3	1	39 39
105	52	0.3	1	32 20
106	54	0.3	1	32 22
107	76	0.3	1	20 56
108	60	0.3	1	30 30
109	44	0.3	1	16 28
110	32	0.3	1	14 18
111	40	0.3	1	17 23
112	41	0.3	1	20 21
113	36	0.3	1	5 31
114	48	0.3	1	11 37
115	28	0.3	1	7 21
116	42	0.3	1	7 35
117	18	0.3	1	5 13
118	43	0.3	1	3 40
119	47	0.3	1	10 37
120	59	0.3	1	3 56
121	122	0.3	1	4 118
122	30	0.3	1	4 26
123	47	0.3	1	3 44
124	125	0.3	1	1 124
125	18	0.3	1	2 16
126	42	0.3	1	3 39
127	30	0.3	1	2 28
128	99	0.3	1	2 97
129	64	0.3	1	0 64
130	43	0.3	1	0 43
131	40	0.3	1	3 37
132	34	0.3	1	4 30
133	28	0.3	1	0 28
134	45	0.3	1	0 45
135	15	0.3	1	1 14
136	49	0.3	1	2 47
137	35	0.3	1	2 33
138	17	0.3	1	2 15
139	18	0.3	1	3 15
140	12	0.3	1	1 11
141	17	0.3	1	1 16
142	30	0.3	1	0 30
143	31	0.3	1	0 31
144	20	0.3	1	1 19
145	19	0.3	1	0 19
146	47	0.3	1	2 45
147	14	0.3	1	0 14
148	39	0.3	1	1 38
149	18	0.3	1	0 18
150	52	0.3	1	0 52
151	13551	0.3	1	0 13551

RUN STATISTICS FOR INPUT FILE: /storage/brno12-cerit/home/duchmil/annotations/Aethionema_saxatile_2025_06/rnaseq/1_raw_reads/XA472L_Macrogen_1.fastq.gz
=============================================
18637074 sequences processed in total

