
SUMMARISING RUN PARAMETERS
==========================
Input filename: /storage/brno12-cerit/home/duchmil/annotations/Aethionema_saxatile_2025_06/rnaseq/1_raw_reads/XA691_F_MKRN250017679-1A_22VTVNLT4_L4_1.fq.gz
Trimming mode: paired-end
Trim Galore version: 0.6.2
Cutadapt version: 2.3
Python version: 3.4.1
Number of cores used for trimming: 4
Quality Phred score cutoff: 20
Quality encoding type selected: ASCII+33
Adapter sequence: 'AGATCGGAAGAGC' (Illumina TruSeq, Sanger iPCR; auto-detected)
Maximum trimming error rate: 0.1 (default)
Minimum required adapter overlap (stringency): 1 bp
Minimum required sequence length for both reads before a sequence pair gets removed: 20 bp
Output file will be GZIP compressed


This is cutadapt 2.3 with Python 3.4.1
Command line parameters: -j 4 -e 0.1 -q 20 -O 1 -a AGATCGGAAGAGC /storage/brno12-cerit/home/duchmil/annotations/Aethionema_saxatile_2025_06/rnaseq/1_raw_reads/XA691_F_MKRN250017679-1A_22VTVNLT4_L4_1.fq.gz
Processing reads on 4 cores in single-end mode ...
Finished in 596.17 s (6 us/read; 9.23 M reads/minute).

=== Summary ===

Total reads processed:              91,723,694
Reads with adapters:                33,299,595 (36.3%)
Reads written (passing filters):    91,723,694 (100.0%)

Total basepairs processed: 13,758,554,100 bp
Quality-trimmed:              10,161,539 bp (0.1%)
Total written (filtered):  13,623,170,827 bp (99.0%)

=== Adapter 1 ===

Sequence: AGATCGGAAGAGC; Type: regular 3'; Length: 13; Trimmed: 33299595 times.

No. of allowed errors:
0-9 bp: 0; 10-13 bp: 1

Bases preceding removed adapters:
  A: 32.0%
  C: 26.1%
  G: 23.3%
  T: 18.6%
  none/other: 0.0%

Overview of removed sequences
length	count	expect	max.err	error counts
1	22254056	22930923.5	0	22254056
2	5946143	5732730.9	0	5946143
3	1942554	1433182.7	0	1942554
4	532628	358295.7	0	532628
5	181605	89573.9	0	181605
6	75820	22393.5	0	75820
7	61916	5598.4	0	61916
8	58528	1399.6	0	58528
9	58310	349.9	0	55195 3115
10	58243	87.5	1	53527 4716
11	56410	21.9	1	53111 3299
12	53192	5.5	1	51713 1479
13	52543	1.4	1	51755 788
14	51921	1.4	1	51341 580
15	50504	1.4	1	49804 700
16	50312	1.4	1	49587 725
17	48927	1.4	1	48182 745
18	47092	1.4	1	46463 629
19	46875	1.4	1	46144 731
20	45387	1.4	1	44805 582
21	45279	1.4	1	44663 616
22	44784	1.4	1	44169 615
23	44632	1.4	1	43994 638
24	44741	1.4	1	44010 731
25	43215	1.4	1	42662 553
26	42610	1.4	1	42026 584
27	41667	1.4	1	41104 563
28	40919	1.4	1	40317 602
29	39880	1.4	1	39343 537
30	39765	1.4	1	39107 658
31	38350	1.4	1	37874 476
32	38066	1.4	1	37556 510
33	36874	1.4	1	36456 418
34	36867	1.4	1	36368 499
35	36240	1.4	1	35688 552
36	35308	1.4	1	34640 668
37	34752	1.4	1	34232 520
38	34340	1.4	1	33857 483
39	33310	1.4	1	32900 410
40	32033	1.4	1	31583 450
41	30492	1.4	1	29996 496
42	30837	1.4	1	30376 461
43	29192	1.4	1	28761 431
44	29977	1.4	1	29490 487
45	28880	1.4	1	28322 558
46	38974	1.4	1	38304 670
47	25499	1.4	1	25090 409
48	44594	1.4	1	43966 628
49	8396	1.4	1	7857 539
50	166563	1.4	1	165616 947
51	20396	1.4	1	19935 461
52	44218	1.4	1	43723 495
53	9413	1.4	1	8965 448
54	77890	1.4	1	77387 503
55	29680	1.4	1	29411 269
56	3056	1.4	1	2814 242
57	6414	1.4	1	6243 171
58	2879	1.4	1	2711 168
59	875	1.4	1	756 119
60	4517	1.4	1	4224 293
61	13727	1.4	1	13237 490
62	2525	1.4	1	2329 196
63	8957	1.4	1	8645 312
64	1162	1.4	1	907 255
65	745	1.4	1	443 302
66	5670	1.4	1	5483 187
67	11911	1.4	1	11652 259
68	2449	1.4	1	2323 126
69	604	1.4	1	500 104
70	701	1.4	1	483 218
71	1781	1.4	1	1461 320
72	2148	1.4	1	1999 149
73	1401	1.4	1	1088 313
74	1262	1.4	1	1018 244
75	3242	1.4	1	3036 206
76	6398	1.4	1	6228 170
77	7594	1.4	1	7398 196
78	7994	1.4	1	7691 303
79	7472	1.4	1	7235 237
80	7163	1.4	1	7013 150
81	6960	1.4	1	6703 257
82	6766	1.4	1	6431 335
83	6075	1.4	1	5881 194
84	5997	1.4	1	5828 169
85	5595	1.4	1	5355 240
86	5318	1.4	1	5172 146
87	5151	1.4	1	4977 174
88	4720	1.4	1	4563 157
89	4817	1.4	1	4601 216
90	4609	1.4	1	4383 226
91	4290	1.4	1	4140 150
92	4119	1.4	1	3921 198
93	3646	1.4	1	3477 169
94	3743	1.4	1	3322 421
95	3482	1.4	1	3056 426
96	3243	1.4	1	2886 357
97	3104	1.4	1	2755 349
98	2815	1.4	1	2590 225
99	2654	1.4	1	2440 214
100	2442	1.4	1	2135 307
101	2514	1.4	1	2127 387
102	1950	1.4	1	1817 133
103	2057	1.4	1	1597 460
104	1658	1.4	1	1382 276
105	1515	1.4	1	1164 351
106	1324	1.4	1	1093 231
107	1142	1.4	1	889 253
108	1118	1.4	1	862 256
109	886	1.4	1	762 124
110	664	1.4	1	524 140
111	625	1.4	1	449 176
112	644	1.4	1	428 216
113	455	1.4	1	308 147
114	395	1.4	1	218 177
115	310	1.4	1	178 132
116	282	1.4	1	139 143
117	266	1.4	1	116 150
118	396	1.4	1	106 290
119	202	1.4	1	56 146
120	236	1.4	1	64 172
121	208	1.4	1	53 155
122	143	1.4	1	31 112
123	222	1.4	1	34 188
124	188	1.4	1	30 158
125	212	1.4	1	21 191
126	132	1.4	1	18 114
127	296	1.4	1	18 278
128	258	1.4	1	24 234
129	309	1.4	1	18 291
130	332	1.4	1	10 322
131	213	1.4	1	20 193
132	186	1.4	1	20 166
133	190	1.4	1	23 167
134	203	1.4	1	22 181
135	206	1.4	1	18 188
136	186	1.4	1	13 173
137	319	1.4	1	24 295
138	146	1.4	1	14 132
139	133	1.4	1	16 117
140	194	1.4	1	16 178
141	226	1.4	1	16 210
142	151	1.4	1	9 142
143	108	1.4	1	10 98
144	97	1.4	1	13 84
145	194	1.4	1	19 175
146	118	1.4	1	11 107
147	365	1.4	1	64 301
148	185	1.4	1	29 156
149	113	1.4	1	10 103
150	1331	1.4	1	142 1189

RUN STATISTICS FOR INPUT FILE: /storage/brno12-cerit/home/duchmil/annotations/Aethionema_saxatile_2025_06/rnaseq/1_raw_reads/XA691_F_MKRN250017679-1A_22VTVNLT4_L4_1.fq.gz
=============================================
91723694 sequences processed in total

