
SUMMARISING RUN PARAMETERS
==========================
Input filename: /storage/brno12-cerit/home/duchmil/annotations/Aethionema_saxatile_2025_06/rnaseq/1_raw_reads/XA691_F_MKRN250017679-1A_22VTVNLT4_L4_2.fq.gz
Trimming mode: paired-end
Trim Galore version: 0.6.2
Cutadapt version: 2.3
Python version: 3.4.1
Number of cores used for trimming: 4
Quality Phred score cutoff: 20
Quality encoding type selected: ASCII+33
Adapter sequence: 'AGATCGGAAGAGC' (Illumina TruSeq, Sanger iPCR; auto-detected)
Maximum trimming error rate: 0.1 (default)
Minimum required adapter overlap (stringency): 1 bp
Minimum required sequence length for both reads before a sequence pair gets removed: 20 bp
Output file will be GZIP compressed


This is cutadapt 2.3 with Python 3.4.1
Command line parameters: -j 4 -e 0.1 -q 20 -O 1 -a AGATCGGAAGAGC /storage/brno12-cerit/home/duchmil/annotations/Aethionema_saxatile_2025_06/rnaseq/1_raw_reads/XA691_F_MKRN250017679-1A_22VTVNLT4_L4_2.fq.gz
Processing reads on 4 cores in single-end mode ...
Finished in 601.29 s (7 us/read; 9.15 M reads/minute).

=== Summary ===

Total reads processed:              91,723,694
Reads with adapters:                32,941,979 (35.9%)
Reads written (passing filters):    91,723,694 (100.0%)

Total basepairs processed: 13,758,554,100 bp
Quality-trimmed:              15,400,923 bp (0.1%)
Total written (filtered):  13,616,945,664 bp (99.0%)

=== Adapter 1 ===

Sequence: AGATCGGAAGAGC; Type: regular 3'; Length: 13; Trimmed: 32941979 times.

No. of allowed errors:
0-9 bp: 0; 10-13 bp: 1

Bases preceding removed adapters:
  A: 31.5%
  C: 26.7%
  G: 23.0%
  T: 18.8%
  none/other: 0.0%

Overview of removed sequences
length	count	expect	max.err	error counts
1	22035635	22930923.5	0	22035635
2	5859647	5732730.9	0	5859647
3	1902738	1433182.7	0	1902738
4	519479	358295.7	0	519479
5	183709	89573.9	0	183709
6	76323	22393.5	0	76323
7	61649	5598.4	0	61649
8	58389	1399.6	0	58389
9	58082	349.9	0	55055 3027
10	58579	87.5	1	53630 4949
11	56333	21.9	1	53002 3331
12	54304	5.5	1	52467 1837
13	51792	1.4	1	50853 939
14	52338	1.4	1	51319 1019
15	51052	1.4	1	49973 1079
16	49969	1.4	1	48934 1035
17	49451	1.4	1	48324 1127
18	47666	1.4	1	46602 1064
19	57840	1.4	1	56293 1547
20	48205	1.4	1	47307 898
21	36107	1.4	1	35413 694
22	42653	1.4	1	41866 787
23	44690	1.4	1	43801 889
24	55973	1.4	1	54572 1401
25	36418	1.4	1	35697 721
26	43260	1.4	1	42344 916
27	57144	1.4	1	56079 1065
28	37416	1.4	1	36690 726
29	41104	1.4	1	40321 783
30	40871	1.4	1	40005 866
31	36306	1.4	1	35610 696
32	37838	1.4	1	37148 690
33	42568	1.4	1	41876 692
34	61497	1.4	1	60698 799
35	31612	1.4	1	30949 663
36	31176	1.4	1	30362 814
37	30961	1.4	1	30406 555
38	32270	1.4	1	31713 557
39	34171	1.4	1	33575 596
40	28537	1.4	1	27998 539
41	35069	1.4	1	34405 664
42	21973	1.4	1	21482 491
43	26523	1.4	1	26078 445
44	26178	1.4	1	25643 535
45	32578	1.4	1	31946 632
46	23418	1.4	1	22986 432
47	42365	1.4	1	41821 544
48	16302	1.4	1	15823 479
49	21035	1.4	1	20606 429
50	27225	1.4	1	26716 509
51	20832	1.4	1	20333 499
52	21397	1.4	1	20884 513
53	20381	1.4	1	19819 562
54	28134	1.4	1	27701 433
55	12386	1.4	1	12066 320
56	20511	1.4	1	20066 445
57	21246	1.4	1	20881 365
58	16448	1.4	1	16113 335
59	21314	1.4	1	20969 345
60	25502	1.4	1	24978 524
61	15617	1.4	1	14980 637
62	14863	1.4	1	14497 366
63	12689	1.4	1	12270 419
64	18719	1.4	1	18251 468
65	8081	1.4	1	7667 414
66	16149	1.4	1	15925 224
67	9976	1.4	1	9722 254
68	10337	1.4	1	10121 216
69	15047	1.4	1	14830 217
70	9132	1.4	1	8859 273
71	6704	1.4	1	6309 395
72	14253	1.4	1	13970 283
73	4063	1.4	1	3655 408
74	9287	1.4	1	8927 360
75	9607	1.4	1	9382 225
76	11414	1.4	1	11140 274
77	11813	1.4	1	11638 175
78	2046	1.4	1	1718 328
79	4338	1.4	1	4042 296
80	6295	1.4	1	6053 242
81	6624	1.4	1	6328 296
82	6604	1.4	1	6244 360
83	6092	1.4	1	5838 254
84	5930	1.4	1	5734 196
85	5638	1.4	1	5382 256
86	5311	1.4	1	5146 165
87	5112	1.4	1	4923 189
88	4752	1.4	1	4585 167
89	4862	1.4	1	4571 291
90	4623	1.4	1	4357 266
91	4297	1.4	1	4111 186
92	4120	1.4	1	3916 204
93	3912	1.4	1	3493 419
94	3951	1.4	1	3321 630
95	3645	1.4	1	3054 591
96	3235	1.4	1	2882 353
97	3165	1.4	1	2759 406
98	2844	1.4	1	2590 254
99	2673	1.4	1	2454 219
100	2427	1.4	1	2138 289
101	2519	1.4	1	2132 387
102	1991	1.4	1	1799 192
103	2141	1.4	1	1621 520
104	1629	1.4	1	1359 270
105	1577	1.4	1	1180 397
106	1363	1.4	1	1095 268
107	1133	1.4	1	881 252
108	1115	1.4	1	863 252
109	872	1.4	1	748 124
110	688	1.4	1	546 142
111	647	1.4	1	446 201
112	630	1.4	1	431 199
113	459	1.4	1	309 150
114	373	1.4	1	225 148
115	315	1.4	1	178 137
116	265	1.4	1	142 123
117	286	1.4	1	121 165
118	395	1.4	1	100 295
119	246	1.4	1	60 186
120	254	1.4	1	71 183
121	208	1.4	1	59 149
122	198	1.4	1	35 163
123	261	1.4	1	37 224
124	168	1.4	1	34 134
125	246	1.4	1	27 219
126	115	1.4	1	18 97
127	335	1.4	1	23 312
128	285	1.4	1	23 262
129	304	1.4	1	20 284
130	347	1.4	1	10 337
131	242	1.4	1	21 221
132	245	1.4	1	18 227
133	186	1.4	1	24 162
134	211	1.4	1	25 186
135	269	1.4	1	20 249
136	211	1.4	1	17 194
137	323	1.4	1	25 298
138	131	1.4	1	15 116
139	135	1.4	1	17 118
140	168	1.4	1	16 152
141	205	1.4	1	16 189
142	144	1.4	1	9 135
143	95	1.4	1	10 85
144	111	1.4	1	13 98
145	159	1.4	1	17 142
146	111	1.4	1	11 100
147	319	1.4	1	66 253
148	188	1.4	1	28 160
149	75	1.4	1	10 65
150	270	1.4	1	140 130

RUN STATISTICS FOR INPUT FILE: /storage/brno12-cerit/home/duchmil/annotations/Aethionema_saxatile_2025_06/rnaseq/1_raw_reads/XA691_F_MKRN250017679-1A_22VTVNLT4_L4_2.fq.gz
=============================================
91723694 sequences processed in total

Total number of sequences analysed for the sequence pair length validation: 91723694

Number of sequence pairs removed because at least one read was shorter than the length cutoff (20 bp): 41764 (0.05%)
